01 0 1 29070452 #ffc000
01 1 1 29070452 #ffc000
02 0 1 21091231 #ffc000
02 0 21091278 21091448 #b4b4b4
02 0 21091458 21091458 #ffc000
02 0 21091461 21259890 #b4b4b4
02 0 21260056 21488208 #ffc000
02 0 21488214 21510900 #b4b4b4
02 0 21511458 21511578 #ffc000
02 0 21513595 21513595 #b4b4b4
02 0 21513820 21514403 #ffc000
02 0 21514430 21593800 #b4b4b4
02 0 21609554 21613715 #ffc000
02 0 21613721 21613721 #b4b4b4
02 0 21615775 29511734 #ffc000
02 1 1 29511734 #ffc000
03 0 1 35020413 #ffc000
03 1 1 35020413 #ffc000
04 0 1 11944879 #ffc000
04 0 11945024 12013801 #b4b4b4
04 0 12013880 12014080 #ffc000
04 0 12014116 14678446 #b4b4b4
04 0 14680246 37105743 #ffc000
04 1 1 37105743 #ffc000
05 0 1 2173362 #ffc000
05 0 2173377 2173393 #b4b4b4
05 0 2216593 2216635 #ffc000
05 0 2219852 2282834 #b4b4b4
05 0 2283004 2352683 #ffc000
05 0 2352744 2410195 #b4b4b4
05 0 2410259 2419922 #ffc000
05 0 2420217 2461110 #b4b4b4
05 0 2461592 2469677 #ffc000
05 0 2469694 2540340 #b4b4b4
05 0 2540394 2542399 #ffc000
05 0 2542697 2542850 #b4b4b4
05 0 2542855 2549587 #ffc000
05 0 2549603 2571203 #b4b4b4
05 0 2571290 41853232 #ffc000
05 1 1 41853232 #ffc000
06 0 1 37593364 #ffc000
06 1 1 37593364 #ffc000
07 0 1 35028021 #ffc000
07 1 1 35028021 #ffc000
08 0 1 44889171 #ffc000
08 1 1 44889171 #ffc000
09 0 1 41306725 #ffc000
09 1 1 41306725 #ffc000
10 0 1 37674811 #ffc000
10 1 1 37674811 #ffc000
11 0 1 19534226 #ffc000
11 0 19534266 19641736 #b4b4b4
11 0 19641775 27954350 #ffc000
11 1 1 27954350 #ffc000
