01 0 1 3780008 #c00000
01 0 3780047 3786589 #b4b4b4
01 0 3788563 4759003 #c00000
01 0 4759031 4846672 #b4b4b4
01 0 4846871 4875420 #c00000
01 0 4875434 4989834 #b4b4b4
01 0 4989921 4991543 #c00000
01 0 4991561 5141074 #b4b4b4
01 0 5141212 12444410 #c00000
01 0 12444436 12543178 #b4b4b4
01 0 12543214 12854925 #c00000
01 0 12854973 12856024 #b4b4b4
01 0 12856072 29070452 #c00000
01 1 1 10652166 #00b009
01 1 10652195 10746216 #b4b4b4
01 1 10746240 11611354 #c00000
01 1 11611357 11642719 #b4b4b4
01 1 11642731 29070452 #00b009
02 0 1 15359091 #c00000
02 0 15359107 15361583 #b4b4b4
02 0 15361592 15414108 #c00000
02 0 15414123 15414186 #b4b4b4
02 0 15414270 15437291 #c00000
02 0 15437346 16031464 #b4b4b4
02 0 16031633 27178378 #00b009
02 0 27178389 27219124 #1440cd
02 0 27219702 27290494 #00b009
02 0 27290505 28778629 #1440cd
02 0 28778817 28846329 #00b009
02 0 28846335 28846422 #b4b4b4
02 0 28846488 29511734 #00b009
02 1 1 14721532 #b4b4b4
02 1 14721579 14721898 #9a029a
02 1 14721919 15012660 #b4b4b4
02 1 15012722 15013024 #9a029a
02 1 15013027 15013027 #b4b4b4
02 1 15013048 15013048 #9a029a
02 1 15013233 15015428 #b4b4b4
02 1 15015446 15032769 #9a029a
02 1 15032807 15063416 #b4b4b4
02 1 15063565 15073419 #9a029a
02 1 15075493 15083488 #b4b4b4
02 1 15083503 15083548 #9a029a
02 1 15084689 15371769 #b4b4b4
02 1 15390474 28846329 #00b009
02 1 28846335 28846422 #b4b4b4
02 1 28846488 29511734 #00b009
03 0 1 7269039 #00b009
03 0 7270054 7361120 #b4b4b4
03 0 7361238 7361384 #00b009
03 0 7361428 7372606 #b4b4b4
03 0 7372622 7563720 #00b009
03 0 7563732 7563732 #b4b4b4
03 0 7563745 7564847 #00b009
03 0 7564895 7565069 #b4b4b4
03 0 7565083 7565358 #00b009
03 0 7565501 7803760 #b4b4b4
03 0 7803803 24602263 #00b009
03 0 24603476 24672720 #b4b4b4
03 0 24672726 24677077 #00b009
03 0 24677086 24722657 #b4b4b4
03 0 24722851 24725715 #00b009
03 0 24728124 24728283 #b4b4b4
03 0 24728327 24740941 #00b009
03 0 24741083 24756056 #b4b4b4
03 0 24756093 24756255 #00b009
03 0 24756285 24801241 #b4b4b4
03 0 24801263 24898411 #00b009
03 0 24898465 24898465 #b4b4b4
03 0 24898621 24939434 #00b009
03 0 24939493 24976120 #b4b4b4
03 0 24976292 24976731 #00b009
03 0 24976756 25050374 #b4b4b4
03 0 25051459 25051638 #00b009
03 0 25058839 25059058 #b4b4b4
03 0 25059067 25064394 #00b009
03 0 25066760 26198384 #b4b4b4
03 0 26198516 26890386 #00b009
03 0 26944943 26945053 #b4b4b4
03 0 26945069 26946793 #00b009
03 0 26963127 28981386 #b4b4b4
03 0 28981441 28995336 #00b009
03 0 28995342 28996129 #b4b4b4
03 0 28996234 30456761 #00b009
03 0 30470936 30472018 #b4b4b4
03 0 30472023 30474590 #00b009
03 0 30504928 30520163 #b4b4b4
03 0 30520339 30538674 #00b009
03 0 30538864 30651245 #b4b4b4
03 0 30651257 30682501 #00b009
03 0 30682666 30682666 #b4b4b4
03 0 30682706 30685000 #00b009
03 0 30685089 30687749 #b4b4b4
03 0 30687752 30688890 #00b009
03 0 30689052 30704412 #b4b4b4
03 0 30704420 30704563 #00b009
03 0 30704578 30704578 #b4b4b4
03 0 30704593 30704593 #00b009
03 0 30704644 30710458 #b4b4b4
03 0 30710473 30710688 #00b009
03 0 30710710 31220488 #b4b4b4
03 0 31220505 31235440 #c00000
03 0 31235453 31287543 #b4b4b4
03 0 31287656 35020413 #c00000
03 1 1 33737436 #00b009
03 1 33740434 34490148 #b4b4b4
03 1 34490184 35020413 #00b009
04 0 1 7485508 #00b009
04 0 7485536 7488096 #b4b4b4
04 0 7488119 7488317 #00b009
04 0 7488321 7488594 #b4b4b4
04 0 7488597 7666327 #00b009
04 0 7686233 7686233 #b4b4b4
04 0 7686240 7687773 #00b009
04 0 7688085 7775789 #b4b4b4
04 0 7775821 7775852 #00b009
04 0 7775873 7780622 #b4b4b4
04 0 7780655 7780655 #00b009
04 0 7780670 7800365 #b4b4b4
04 0 7800370 7804888 #00b009
04 0 7805023 7805023 #b4b4b4
04 0 7805084 7860788 #00b009
04 0 7877890 7878046 #b4b4b4
04 0 7878057 11101446 #00b009
04 0 11101481 11101481 #b4b4b4
04 0 11101549 11525360 #00b009
04 0 11525364 15604205 #b4b4b4
04 0 15604210 15610043 #00b009
04 0 15785674 15907705 #b4b4b4
04 0 15907729 15907783 #00b009
04 0 15907938 17174673 #b4b4b4
04 0 17174676 17230762 #00b009
04 0 17230793 17264234 #b4b4b4
04 0 17277498 37105743 #00b009
04 1 1 546651 #b4b4b4
04 1 546871 566881 #9a029a
04 1 566887 1094197 #b4b4b4
04 1 1094206 1094950 #9a029a
04 1 1095027 1961381 #b4b4b4
04 1 1961387 1983961 #1440cd
04 1 1984000 2005705 #b4b4b4
04 1 2005838 2039814 #1440cd
04 1 2039827 2104160 #b4b4b4
04 1 2104170 2104170 #1440cd
04 1 2104233 2104434 #b4b4b4
04 1 2104452 2164287 #1440cd
04 1 2172551 2172654 #b4b4b4
04 1 2172658 2370722 #1440cd
04 1 2370726 2370759 #b4b4b4
04 1 2370774 2370786 #1440cd
04 1 2370798 2370980 #b4b4b4
04 1 2370987 2589070 #1440cd
04 1 2591768 3720686 #b4b4b4
04 1 3720706 3747381 #9a029a
04 1 3747415 3747557 #b4b4b4
04 1 3747725 3991145 #9a029a
04 1 3992231 3994749 #b4b4b4
04 1 3994758 4003241 #9a029a
04 1 4003443 4005922 #b4b4b4
04 1 4005940 4130795 #9a029a
04 1 4130812 4255691 #b4b4b4
04 1 4256268 4261892 #9a029a
04 1 4261903 4426798 #b4b4b4
04 1 4426944 4519013 #9a029a
04 1 4519043 5713437 #b4b4b4
04 1 5713458 5713458 #9a029a
04 1 5713464 5849587 #b4b4b4
04 1 5849652 5948942 #9a029a
04 1 5948952 5948952 #b4b4b4
04 1 5949004 6025859 #9a029a
04 1 6025871 6026285 #b4b4b4
04 1 6056488 6065847 #9a029a
04 1 6065853 6235574 #b4b4b4
04 1 6235610 6235946 #9a029a
04 1 6235952 6237383 #b4b4b4
04 1 6237938 6239506 #9a029a
04 1 6239510 6239510 #b4b4b4
04 1 6239548 6244557 #9a029a
04 1 6244780 6244780 #b4b4b4
04 1 6244798 6244967 #9a029a
04 1 6244974 10292816 #b4b4b4
04 1 10292828 10908518 #c00000
04 1 10912627 10912947 #b4b4b4
04 1 10912958 10914524 #c00000
04 1 10914690 10915103 #b4b4b4
04 1 10915176 11099849 #c00000
04 1 11099920 11112000 #b4b4b4
04 1 11112125 11112196 #c00000
04 1 11141310 11141383 #b4b4b4
04 1 11142437 11199265 #c00000
04 1 11203266 11275101 #b4b4b4
04 1 11275104 11327816 #c00000
04 1 11328188 11525218 #b4b4b4
04 1 11525350 11525390 #c00000
04 1 11525440 12012517 #b4b4b4
04 1 12012532 12072932 #c00000
04 1 12074085 12092302 #b4b4b4
04 1 12092356 14675583 #c00000
04 1 14675637 14675691 #b4b4b4
04 1 14675759 14675759 #c00000
04 1 14675779 14920253 #b4b4b4
04 1 14920283 14934890 #c00000
04 1 14935123 15049691 #b4b4b4
04 1 15050268 16038751 #c00000
04 1 16039563 16039668 #b4b4b4
04 1 16041849 17230647 #c00000
04 1 17230659 17429484 #b4b4b4
04 1 17429572 25436968 #c00000
04 1 25475167 25512627 #b4b4b4
04 1 25512766 25594065 #c00000
04 1 25594302 25617875 #b4b4b4
04 1 25617884 25745354 #c00000
04 1 25745366 25813496 #b4b4b4
04 1 25813499 25838664 #c00000
04 1 25838694 25879785 #b4b4b4
04 1 25879843 25902663 #c00000
04 1 25902675 25945890 #b4b4b4
04 1 25956682 27593760 #c00000
04 1 27593766 28108430 #b4b4b4
04 1 28109689 28111061 #c00000
04 1 28111093 28111093 #b4b4b4
04 1 28111190 33524810 #c00000
04 1 33526331 33527403 #b4b4b4
04 1 33527431 33527468 #c00000
04 1 33527473 36063577 #b4b4b4
04 1 36063592 36107060 #c00000
04 1 36107075 36224179 #b4b4b4
04 1 36224227 37105743 #c00000
05 0 1 8678846 #00b009
05 0 8678984 8679494 #b4b4b4
05 0 8679507 8679507 #00b009
05 0 8679513 8679794 #b4b4b4
05 0 8679902 8679959 #00b009
05 0 8679962 8679962 #b4b4b4
05 0 8679976 8681165 #00b009
05 0 8681268 8681445 #b4b4b4
05 0 8681462 8684941 #00b009
05 0 8689842 9612385 #b4b4b4
05 0 9690423 9694425 #00b009
05 0 9694429 9713044 #b4b4b4
05 0 9826071 34707709 #00b009
05 0 34709478 34714770 #b4b4b4
05 0 34721838 34723728 #00b009
05 0 34723897 34723897 #b4b4b4
05 0 34723936 34724198 #00b009
05 0 34724326 34724561 #b4b4b4
05 0 34724657 34731385 #00b009
05 0 35084575 36341103 #b4b4b4
05 0 36341487 37875528 #c00000
05 0 37875610 37876253 #b4b4b4
05 0 37876362 37880582 #c00000
05 0 37880616 37882032 #b4b4b4
05 0 37882066 37898335 #c00000
05 0 37898365 38536721 #b4b4b4
05 0 38536731 38539127 #c00000
05 0 38539136 38567828 #b4b4b4
05 0 38568407 38695370 #c00000
05 0 38695587 38695701 #b4b4b4
05 0 38695734 38709807 #c00000
05 0 38709864 38884776 #b4b4b4
05 0 38884824 38884824 #c00000
05 0 38885231 38885248 #b4b4b4
05 0 38885256 41853232 #c00000
05 1 1 35408252 #00b009
05 1 35408368 36231840 #b4b4b4
05 1 36231920 36689710 #1440cd
05 1 36689832 36693756 #b4b4b4
05 1 36693768 36695854 #1440cd
05 1 36696366 36701585 #b4b4b4
05 1 36701602 36726074 #1440cd
05 1 36727153 36808276 #b4b4b4
05 1 36808406 36877897 #1440cd
05 1 36878099 36878106 #b4b4b4
05 1 36880889 36883633 #1440cd
05 1 36883642 36883642 #b4b4b4
05 1 36883649 36884161 #1440cd
05 1 36884200 36884200 #b4b4b4
05 1 36884208 36936330 #1440cd
05 1 36936354 36936791 #b4b4b4
05 1 36936830 36937131 #1440cd
05 1 36937206 36937206 #b4b4b4
05 1 36937261 36976440 #1440cd
05 1 36976463 36999543 #b4b4b4
05 1 36999564 37037114 #1440cd
05 1 37037132 37046172 #b4b4b4
05 1 37046178 37130237 #1440cd
05 1 37130288 37161902 #b4b4b4
05 1 37161943 37251258 #1440cd
05 1 37252135 37253030 #b4b4b4
05 1 37253113 38882367 #1440cd
05 1 38882389 38883473 #b4b4b4
05 1 38883527 38889745 #1440cd
05 1 38889838 38890216 #b4b4b4
05 1 38891902 38891902 #1440cd
05 1 38912515 40488658 #b4b4b4
05 1 40488748 41853232 #00b009
06 0 1 1463561 #00b009
06 0 1463602 1906837 #b4b4b4
06 0 1907063 1992698 #1440cd
06 0 1992714 2265216 #b4b4b4
06 0 2265319 2265444 #1440cd
06 0 2265454 4751640 #b4b4b4
06 0 4751701 4772228 #00b009
06 0 4774630 4825116 #b4b4b4
06 0 4825602 29503714 #00b009
06 0 29503740 30006968 #c00000
06 0 30007090 30024201 #b4b4b4
06 0 30046715 30086360 #c00000
06 0 30086621 30086666 #b4b4b4
06 0 30086679 30088743 #c00000
06 0 30088755 30137234 #b4b4b4
06 0 30137807 30138677 #c00000
06 0 30138749 30205589 #b4b4b4
06 0 30205597 30205700 #c00000
06 0 30205789 31029144 #b4b4b4
06 0 31029191 31036960 #00b009
06 0 31037653 31043028 #b4b4b4
06 0 31043059 31114391 #00b009
06 0 31114475 31114475 #b4b4b4
06 0 31145732 37593364 #00b009
06 1 1 9165267 #c00000
06 1 9165311 10230957 #b4b4b4
06 1 10259395 10259827 #c00000
06 1 10260025 10379354 #b4b4b4
06 1 10379447 10382463 #c00000
06 1 10385396 10385396 #b4b4b4
06 1 10385402 13331597 #c00000
06 1 13331631 13331780 #b4b4b4
06 1 13331951 13332272 #c00000
06 1 13332293 13948819 #b4b4b4
06 1 13948893 13955077 #9a029a
06 1 13955133 13955133 #b4b4b4
06 1 13955139 14099519 #9a029a
06 1 14099530 14110878 #b4b4b4
06 1 14111111 14143374 #9a029a
06 1 14145542 15339008 #b4b4b4
06 1 15339011 15418765 #00b009
06 1 15418797 15493202 #b4b4b4
06 1 15494004 15607576 #00b009
06 1 15706666 15706708 #b4b4b4
06 1 15706715 15714641 #00b009
06 1 15714654 19564030 #b4b4b4
06 1 19564537 19577937 #00b009
06 1 19579280 19840193 #b4b4b4
06 1 19840220 28279767 #00b009
06 1 28279780 31725898 #c00000
06 1 31725903 31739030 #b4b4b4
06 1 31739217 31902614 #c00000
06 1 31902662 32127681 #b4b4b4
06 1 32127702 35372533 #c00000
06 1 35372652 35641673 #b4b4b4
06 1 35642261 37593364 #00b009
07 0 1 3218395 #c00000
07 0 3218745 3260142 #b4b4b4
07 0 3260232 3290976 #c00000
07 0 3292026 3333949 #b4b4b4
07 0 3334078 3334725 #c00000
07 0 3334750 3334750 #b4b4b4
07 0 3335783 4943688 #c00000
07 0 4943694 5398039 #b4b4b4
07 0 5399986 9620468 #00b009
07 0 9620503 9890340 #b4b4b4
07 0 9915383 28990992 #c00000
07 0 28991014 29187882 #b4b4b4
07 0 29187954 29209464 #c00000
07 0 29209611 29209678 #b4b4b4
07 0 29209684 29442301 #c00000
07 0 29442583 29442685 #b4b4b4
07 0 29442709 30630215 #c00000
07 0 30630227 31332334 #b4b4b4
07 0 31332370 31332622 #00b009
07 0 31332670 31332847 #b4b4b4
07 0 31332859 34266381 #00b009
07 0 34266394 34267560 #b4b4b4
07 0 34267586 34268250 #00b009
07 0 34268278 35028021 #b4b4b4
07 1 1 1405505 #b4b4b4
07 1 1405648 11040546 #00b009
07 1 11040586 11217958 #b4b4b4
07 1 11218284 11241904 #c00000
07 1 11241934 11285436 #b4b4b4
07 1 11285476 11322108 #c00000
07 1 11322124 11322787 #b4b4b4
07 1 11322841 13283672 #c00000
07 1 13283703 13285112 #b4b4b4
07 1 13285115 13297578 #c00000
07 1 13297615 15622913 #b4b4b4
07 1 15622922 15957738 #c00000
07 1 15957741 21693986 #b4b4b4
07 1 21694034 21734267 #c00000
07 1 21734327 21734522 #b4b4b4
07 1 21734794 21933520 #c00000
07 1 21933638 27784945 #b4b4b4
07 1 27784963 27809275 #c00000
07 1 27809282 28234511 #b4b4b4
07 1 28234787 35028021 #00b009
08 0 1 38289071 #00b009
08 0 38289078 38444450 #1440cd
08 0 38444560 38444560 #c00000
08 0 38474827 38493518 #1440cd
08 0 38493552 44889171 #c00000
08 1 1 1568827 #c00000
08 1 1568984 1572106 #b4b4b4
08 1 1572127 1601340 #c00000
08 1 1601343 1601343 #b4b4b4
08 1 1601351 1603016 #c00000
08 1 1603046 1665236 #b4b4b4
08 1 1672566 6060517 #c00000
08 1 6060523 6300879 #b4b4b4
08 1 6300924 35743106 #00b009
08 1 35745405 35772758 #1440cd
08 1 35772762 35773728 #00b009
08 1 35773772 35773772 #1440cd
08 1 35773809 35774005 #00b009
08 1 35774071 39949302 #1440cd
08 1 39949344 44889171 #00b009
09 0 1 7670789 #00b009
09 0 7704378 8937082 #b4b4b4
09 0 8937088 36424342 #00b009
09 0 36424351 37887596 #b4b4b4
09 0 37887650 37897782 #c00000
09 0 37897833 37897845 #b4b4b4
09 0 37897878 37937677 #c00000
09 0 37937813 37962412 #b4b4b4
09 0 37962571 37962571 #c00000
09 0 37962628 37973353 #b4b4b4
09 0 37973404 37976533 #c00000
09 0 37977541 37978095 #b4b4b4
09 0 37978107 37980240 #c00000
09 0 37980274 40455167 #b4b4b4
09 0 40455230 41306725 #00b009
09 1 1 585271 #b4b4b4
09 1 585275 2852971 #c00000
09 1 2853066 3131493 #00b009
09 1 3131512 3136499 #c00000
09 1 3136824 3136965 #00b009
09 1 3136976 3137435 #c00000
09 1 3139982 3151675 #00b009
09 1 3151707 3151789 #b4b4b4
09 1 3184088 3330872 #c00000
09 1 3330941 3334643 #b4b4b4
09 1 3334754 3340638 #c00000
09 1 3340678 3342231 #b4b4b4
09 1 3342403 3389594 #c00000
09 1 3389640 3424025 #b4b4b4
09 1 3424060 3427806 #c00000
09 1 3466914 3467089 #b4b4b4
09 1 3468786 3471499 #c00000
09 1 3471569 3472031 #b4b4b4
09 1 3472468 4295236 #c00000
09 1 4295440 4331626 #b4b4b4
09 1 4331653 4331752 #c00000
09 1 4331797 4337841 #b4b4b4
09 1 4337863 4343367 #c00000
09 1 4343704 4343715 #b4b4b4
09 1 4343729 9912060 #c00000
09 1 9912068 9918575 #00b009
09 1 9918593 9918593 #b4b4b4
09 1 9920205 9920214 #00b009
09 1 9920231 10119815 #b4b4b4
09 1 10120244 11858745 #00b009
09 1 11858841 11858841 #b4b4b4
09 1 11858880 11860994 #00b009
09 1 11861024 12670896 #b4b4b4
09 1 12670907 28544791 #00b009
09 1 28544794 31870657 #b4b4b4
09 1 31870661 31870661 #c00000
09 1 31870783 31882611 #b4b4b4
09 1 31882619 35088105 #c00000
09 1 35088139 35155870 #b4b4b4
09 1 35155874 35155881 #c00000
09 1 35155909 35176138 #b4b4b4
09 1 35176149 35176292 #c00000
09 1 35176379 35341031 #b4b4b4
09 1 35341341 35446422 #c00000
09 1 35446468 35458741 #b4b4b4
09 1 35458782 35472005 #c00000
09 1 35472015 35474288 #b4b4b4
09 1 35474372 35474372 #c00000
09 1 35474528 35475189 #b4b4b4
09 1 35475195 35496174 #c00000
09 1 35496219 35507954 #b4b4b4
09 1 35507967 35509105 #c00000
09 1 35509165 35509165 #b4b4b4
09 1 35509365 35509408 #c00000
09 1 35512633 35613065 #b4b4b4
09 1 35613078 35613284 #c00000
09 1 35636185 35673329 #b4b4b4
09 1 35673410 41306725 #c00000
10 0 1 7171267 #00b009
10 0 7171277 9261204 #b4b4b4
10 0 9261533 9272191 #c00000
10 0 9272200 9272205 #b4b4b4
10 0 9272257 9734706 #c00000
10 0 9734754 9735153 #b4b4b4
10 0 9735180 10152439 #c00000
10 0 10152508 14226292 #b4b4b4
10 0 14226322 22018468 #c00000
10 0 22018608 22018608 #b4b4b4
10 0 22018615 22018790 #c00000
10 0 22018859 22076066 #b4b4b4
10 0 22076076 22077883 #c00000
10 0 22077912 22077912 #b4b4b4
10 0 22078293 22078293 #c00000
10 0 22078478 22835635 #b4b4b4
10 0 22835665 26724481 #00b009
10 0 26724484 26974118 #b4b4b4
10 0 26979175 26979175 #00b009
10 0 26979357 26979357 #b4b4b4
10 0 26979481 26981267 #00b009
10 0 26981272 27012241 #b4b4b4
10 0 27012267 27037561 #00b009
10 0 27037572 27037744 #b4b4b4
10 0 27037758 30670121 #c00000
10 0 30670174 30853148 #b4b4b4
10 0 30853167 30933744 #9a029a
10 0 30933797 30933797 #b4b4b4
10 0 30933839 30936597 #9a029a
10 0 30936618 31334225 #b4b4b4
10 0 31334231 32113784 #c00000
10 0 32122631 32219216 #b4b4b4
10 0 32219312 32242641 #c00000
10 0 32242745 32578667 #b4b4b4
10 0 32582259 32587653 #c00000
10 0 32628426 32654141 #b4b4b4
10 0 32654156 37674811 #c00000
10 1 1 29398251 #00b009
10 1 29398259 29715546 #b4b4b4
10 1 29715549 29774390 #c00000
10 1 29774454 29785165 #b4b4b4
10 1 29791632 29911338 #c00000
10 1 29911355 31001918 #b4b4b4
10 1 31002006 32578434 #00b009
10 1 32578667 34067230 #b4b4b4
10 1 34067732 37674811 #00b009
11 0 1 27954350 #c00000
11 1 1 25338390 #00b009
11 1 25338411 25364291 #b4b4b4
11 1 25364813 25364813 #00b009
11 1 25366676 25367014 #b4b4b4
11 1 25367942 25396101 #00b009
11 1 25396125 26110727 #b4b4b4
11 1 26110800 26111381 #c00000
11 1 26111554 26137320 #b4b4b4
11 1 26221731 26452242 #c00000
11 1 26452248 27954350 #b4b4b4
