01 0 1 29070452 #00b009
01 1 1 1032599 #00b009
01 1 1032740 1900983 #b4b4b4
01 1 1901044 29070452 #00b009
02 0 1 29511734 #00b009
02 1 1 29511734 #00b009
03 0 1 35020413 #00b009
03 1 1 25475900 #00b009
03 1 25475907 25656852 #b4b4b4
03 1 25656925 25722686 #00b009
03 1 25722824 25725479 #b4b4b4
03 1 25725486 25747807 #00b009
03 1 25747833 25770038 #b4b4b4
03 1 25770071 35020413 #00b009
04 0 1 11606267 #00b009
04 0 11606285 11643723 #b4b4b4
04 0 11643744 12074094 #00b009
04 0 12088203 12088621 #b4b4b4
04 0 12088664 32467905 #00b009
04 0 32467913 32472078 #b4b4b4
04 0 32472106 32472106 #00b009
04 0 32473685 32616674 #b4b4b4
04 0 32616871 37105743 #00b009
04 1 1 37105743 #00b009
05 0 1 41853232 #00b009
05 1 1 41853232 #00b009
06 0 1 32307154 #00b009
06 0 32307172 32308436 #b4b4b4
06 0 32308501 32422274 #00b009
06 0 32422277 32422277 #b4b4b4
06 0 32422287 32534914 #00b009
06 0 32534959 32535223 #b4b4b4
06 0 32535238 32539374 #00b009
06 0 32540855 32545564 #b4b4b4
06 0 32545585 37593364 #00b009
06 1 1 37593364 #00b009
07 0 1 7316005 #00b009
07 0 7317948 7318120 #b4b4b4
07 0 7318455 7318461 #00b009
07 0 7319780 7388146 #b4b4b4
07 0 7388164 7460025 #00b009
07 0 7460092 7460092 #b4b4b4
07 0 7460122 7462839 #00b009
07 0 7474676 7474987 #b4b4b4
07 0 7475007 7477767 #00b009
07 0 7477962 7477962 #b4b4b4
07 0 7477987 7478019 #00b009
07 0 7478088 7478118 #b4b4b4
07 0 7478253 7482782 #00b009
07 0 7482965 7641818 #b4b4b4
07 0 7641835 7753186 #00b009
07 0 7753195 7902743 #b4b4b4
07 0 7902837 7902848 #00b009
07 0 7902852 7955551 #b4b4b4
07 0 7955572 9134975 #00b009
07 0 9135037 9385067 #b4b4b4
07 0 9385092 9400304 #00b009
07 0 9400332 9400332 #b4b4b4
07 0 9400356 9401208 #00b009
07 0 9401236 9437658 #b4b4b4
07 0 9437709 9437910 #00b009
07 0 9438204 9438323 #b4b4b4
07 0 9439193 9439231 #00b009
07 0 9439251 9439340 #b4b4b4
07 0 9439364 9512536 #00b009
07 0 9512807 9513096 #b4b4b4
07 0 9536623 9539182 #00b009
07 0 9539186 9575036 #b4b4b4
07 0 9575048 9580391 #00b009
07 0 9580411 9581698 #b4b4b4
07 0 9581716 9605449 #00b009
07 0 9605479 9630784 #b4b4b4
07 0 9630793 9630935 #00b009
07 0 9630944 9730089 #b4b4b4
07 0 9730093 35028021 #00b009
07 1 1 35028021 #00b009
08 0 1 44889171 #00b009
08 1 1 4590270 #00b009
08 1 4590288 4604063 #b4b4b4
08 1 4604706 44889171 #00b009
09 0 1 41306725 #00b009
09 1 1 41306725 #00b009
10 0 1 37674811 #00b009
10 1 1 37674811 #00b009
11 0 1 27954350 #00b009
11 1 1 27954350 #00b009
