01 0 1 393117 #9a029a
01 0 393708 409346 #b4b4b4
01 0 409390 411825 #9a029a
01 0 412080 1161947 #b4b4b4
01 0 1161962 1162078 #9a029a
01 0 1162088 1162117 #b4b4b4
01 0 1162139 1162883 #9a029a
01 0 1162925 1167512 #b4b4b4
01 0 1167536 1187222 #9a029a
01 0 1187228 1187228 #b4b4b4
01 0 1187261 1187516 #9a029a
01 0 1187676 1187733 #b4b4b4
01 0 1187751 1187913 #9a029a
01 0 1187958 1202545 #b4b4b4
01 0 1202563 1204213 #9a029a
01 0 1251334 1371338 #b4b4b4
01 0 1371396 2317748 #9a029a
01 0 2317917 2336828 #b4b4b4
01 0 2336890 2343011 #9a029a
01 0 2343485 2390305 #b4b4b4
01 0 2391397 2391397 #9a029a
01 0 2391405 2436563 #b4b4b4
01 0 2436569 2436832 #9a029a
01 0 2448551 2448783 #b4b4b4
01 0 2448787 2451446 #9a029a
01 0 2453726 2628106 #b4b4b4
01 0 2628115 2698286 #9a029a
01 0 2698310 2702477 #b4b4b4
01 0 2785356 2785356 #9a029a
01 0 2785426 2840511 #b4b4b4
01 0 2840574 2840591 #9a029a
01 0 2840763 2840763 #b4b4b4
01 0 2840812 2841546 #9a029a
01 0 2841558 3164635 #b4b4b4
01 0 3164681 3175265 #9a029a
01 0 3175275 3230597 #b4b4b4
01 0 3230653 3230653 #9a029a
01 0 3230700 3230700 #b4b4b4
01 0 3235146 3279489 #9a029a
01 0 3280790 3284531 #b4b4b4
01 0 3284751 3284751 #9a029a
01 0 3284906 3305776 #b4b4b4
01 0 3305937 3309028 #9a029a
01 0 3311953 3315451 #b4b4b4
01 0 3329208 3588097 #9a029a
01 0 3588100 3656236 #b4b4b4
01 0 3656245 3973428 #9a029a
01 0 3973440 3973490 #b4b4b4
01 0 3973593 4657606 #9a029a
01 0 4659871 4660048 #b4b4b4
01 0 4660063 4988121 #9a029a
01 0 4988374 5015229 #b4b4b4
01 0 5015529 5015532 #9a029a
01 0 5015606 7265271 #b4b4b4
01 0 7265283 10595509 #9a029a
01 0 10595654 11134146 #b4b4b4
01 0 11134164 12662189 #1440cd
01 0 12662251 12662353 #b4b4b4
01 0 12662383 29070452 #1440cd
01 1 1 5310206 #00b009
01 1 5310222 5939367 #b4b4b4
01 1 5939370 5939918 #00b009
01 1 5939966 5940252 #b4b4b4
01 1 5940255 5961329 #00b009
01 1 5961333 6057139 #b4b4b4
01 1 6057148 6194456 #00b009
01 1 6194459 6194591 #b4b4b4
01 1 6194611 6195014 #00b009
01 1 6195251 6195251 #b4b4b4
01 1 6195410 6208606 #00b009
01 1 6208636 6209468 #b4b4b4
01 1 6209475 6222225 #00b009
01 1 6222282 6274621 #b4b4b4
01 1 6276395 6278464 #00b009
01 1 6278479 6629895 #b4b4b4
01 1 6629968 6750279 #c00000
01 1 6750310 8722442 #b4b4b4
01 1 8722451 8722982 #00b009
01 1 8723125 8905058 #b4b4b4
01 1 8905085 8975377 #00b009
01 1 8975434 8985059 #b4b4b4
01 1 8985070 8986685 #00b009
01 1 8986975 8987347 #b4b4b4
01 1 8987398 10416757 #00b009
01 1 10416769 10507024 #b4b4b4
01 1 10507027 10511715 #00b009
01 1 10511757 10875594 #b4b4b4
01 1 10875618 10875786 #c00000
01 1 10875792 10875792 #b4b4b4
01 1 10875834 10881801 #c00000
01 1 10881989 11378002 #b4b4b4
01 1 11378110 13458492 #9a029a
01 1 13458499 13458745 #b4b4b4
01 1 13458762 13464331 #9a029a
01 1 13464359 13464382 #b4b4b4
01 1 13464385 13541659 #9a029a
01 1 13541918 13544747 #b4b4b4
01 1 13544846 13546306 #9a029a
01 1 13546324 13641487 #b4b4b4
01 1 13641494 13850127 #9a029a
01 1 13852456 13853697 #b4b4b4
01 1 13853802 13981284 #9a029a
01 1 13981412 29070452 #b4b4b4
02 0 1 18912198 #1440cd
02 0 18913366 20667056 #b4b4b4
02 0 20694023 20749991 #9a029a
02 0 20805545 20861391 #b4b4b4
02 0 20861476 20875704 #9a029a
02 0 20885793 20924079 #b4b4b4
02 0 20925495 21028787 #9a029a
02 0 21031302 21085106 #b4b4b4
02 0 21085114 21085114 #9a029a
02 0 21085159 23397682 #b4b4b4
02 0 23397731 23397731 #9a029a
02 0 23398293 23398314 #b4b4b4
02 0 23399137 23399890 #9a029a
02 0 23399926 23400107 #b4b4b4
02 0 23400999 23415663 #9a029a
02 0 23415685 23826597 #b4b4b4
02 0 23826606 24055251 #9a029a
02 0 24055400 24514933 #b4b4b4
02 0 24515038 24515289 #9a029a
02 0 24515348 24614761 #b4b4b4
02 0 24614770 24617169 #9a029a
02 0 24617194 24617194 #b4b4b4
02 0 24617206 24617206 #9a029a
02 0 24617251 24637613 #b4b4b4
02 0 24637646 24637646 #9a029a
02 0 24637658 25124483 #b4b4b4
02 0 25124607 25124607 #9a029a
02 0 25124641 25929393 #b4b4b4
02 0 25931878 25932333 #9a029a
02 0 25932480 25985288 #b4b4b4
02 0 25985315 25986420 #9a029a
02 0 25986579 25987341 #b4b4b4
02 0 25987462 27114882 #9a029a
02 0 27115075 28167206 #b4b4b4
02 0 28167233 28225038 #9a029a
02 0 28225044 28255534 #b4b4b4
02 0 28256820 28272600 #9a029a
02 0 28273450 28293764 #b4b4b4
02 0 28293792 28341798 #9a029a
02 0 28341879 29511734 #b4b4b4
02 1 1 13804479 #b4b4b4
02 1 13804491 16209042 #00b009
02 1 16217146 17008498 #b4b4b4
02 1 17008529 17018156 #1440cd
02 1 17018522 17073544 #b4b4b4
02 1 17073553 17099976 #1440cd
02 1 17100057 17474153 #b4b4b4
02 1 17474876 17484757 #1440cd
02 1 17484766 17981261 #b4b4b4
02 1 17981397 18548929 #ffc000
02 1 18548950 18552593 #b4b4b4
02 1 18577187 18794930 #ffc000
02 1 18794938 18828757 #b4b4b4
02 1 18828781 18830629 #ffc000
02 1 18830645 18830687 #b4b4b4
02 1 18830732 19939703 #ffc000
02 1 19939726 20163314 #b4b4b4
02 1 20163436 22266731 #ffc000
02 1 22266745 22266782 #b4b4b4
02 1 22266827 22267002 #ffc000
02 1 22267037 22395741 #b4b4b4
02 1 22395894 22411161 #ffc000
02 1 22411227 22516654 #b4b4b4
02 1 22518287 22528773 #ffc000
02 1 22528777 22546030 #b4b4b4
02 1 22546050 23961425 #ffc000
02 1 23964694 23964699 #b4b4b4
02 1 23964715 24389641 #ffc000
02 1 24389665 24391099 #b4b4b4
02 1 24391153 24641828 #ffc000
02 1 24642007 24695652 #b4b4b4
02 1 24695658 24695778 #ffc000
02 1 24695790 24696650 #b4b4b4
02 1 24696663 24775070 #ffc000
02 1 24775118 24847471 #b4b4b4
02 1 24848981 24848981 #ffc000
02 1 24849564 24888998 #b4b4b4
02 1 24889383 25919486 #ffc000
02 1 25921750 25986148 #b4b4b4
02 1 25986174 25986238 #ffc000
02 1 25986420 25986420 #b4b4b4
02 1 25986579 29511734 #ffc000
03 0 1 4408475 #00b009
03 0 4410301 6197496 #b4b4b4
03 0 6197726 6199613 #1440cd
03 0 6199627 6199837 #b4b4b4
03 0 6199840 6541918 #1440cd
03 0 6542366 6542366 #b4b4b4
03 0 6543266 6599690 #1440cd
03 0 6599711 6599769 #b4b4b4
03 0 6599786 6605261 #1440cd
03 0 6606004 6606828 #b4b4b4
03 0 6606959 6628293 #1440cd
03 0 6650964 6838269 #b4b4b4
03 0 6838309 6936208 #1440cd
03 0 6936601 6936601 #b4b4b4
03 0 6936841 7360587 #1440cd
03 0 7360594 7825461 #b4b4b4
03 0 7825500 7845379 #1440cd
03 0 7845397 8302896 #b4b4b4
03 0 8302933 25080406 #00b009
03 0 25109820 25140797 #b4b4b4
03 0 25158286 25165158 #00b009
03 0 25165216 26541041 #b4b4b4
03 0 26541175 26867225 #00b009
03 0 26867235 29201807 #b4b4b4
03 0 29201819 29202036 #00b009
03 0 29202726 29242485 #b4b4b4
03 0 29242488 29244062 #00b009
03 0 29257900 29257900 #b4b4b4
03 0 29257946 34036766 #00b009
03 0 34036851 35020413 #b4b4b4
03 1 1 713527 #1440cd
03 1 733220 2969751 #00b009
03 1 2996421 4741157 #1440cd
03 1 4741220 5291426 #b4b4b4
03 1 5291489 9513942 #ffc000
03 1 9514118 9514122 #b4b4b4
03 1 9514303 9518626 #ffc000
03 1 9518697 10132135 #b4b4b4
03 1 10158687 20868888 #ffc000
03 1 20868895 20869035 #b4b4b4
03 1 20869047 20869047 #ffc000
03 1 20869177 20870151 #b4b4b4
03 1 20870196 23227415 #ffc000
03 1 23227421 23284711 #b4b4b4
03 1 23310974 23312583 #ffc000
03 1 23312632 23315683 #b4b4b4
03 1 23315689 23365512 #ffc000
03 1 23365518 23366307 #b4b4b4
03 1 23367064 23480647 #ffc000
03 1 23480650 23575644 #b4b4b4
03 1 23575680 23739989 #ffc000
03 1 23740760 23754831 #b4b4b4
03 1 23754844 23755046 #ffc000
03 1 23755058 23781143 #b4b4b4
03 1 23781200 23881972 #ffc000
03 1 23881996 23882011 #b4b4b4
03 1 23882076 28399619 #ffc000
03 1 28399777 28399807 #b4b4b4
03 1 28399983 28400015 #ffc000
03 1 28400076 28683449 #b4b4b4
03 1 28684599 29062660 #ffc000
03 1 29062680 29062709 #b4b4b4
03 1 29062714 29657521 #ffc000
03 1 29657536 29788050 #b4b4b4
03 1 29788062 30047152 #ffc000
03 1 30047161 30047161 #b4b4b4
03 1 30047174 30298488 #ffc000
03 1 30298516 30299282 #b4b4b4
03 1 30299336 30335523 #ffc000
03 1 30335583 30336025 #b4b4b4
03 1 30336035 30336035 #ffc000
03 1 30336040 30343620 #b4b4b4
03 1 30343632 30573705 #ffc000
03 1 30574401 30580852 #b4b4b4
03 1 30580928 30677320 #ffc000
03 1 30677359 31003976 #b4b4b4
03 1 31004007 31062806 #1440cd
03 1 31062818 31064293 #b4b4b4
03 1 31066088 35020413 #1440cd
04 0 1 727909 #1440cd
04 0 727918 752172 #b4b4b4
04 0 761782 833846 #1440cd
04 0 833858 849842 #b4b4b4
04 0 851271 1076104 #1440cd
04 0 1076138 1076221 #b4b4b4
04 0 1076233 1091901 #1440cd
04 0 1092019 1092055 #b4b4b4
04 0 1092070 1092127 #1440cd
04 0 1092145 1094149 #b4b4b4
04 0 1094197 1094197 #1440cd
04 0 1094206 1094236 #b4b4b4
04 0 1094272 4522219 #1440cd
04 0 4522277 4522910 #b4b4b4
04 0 4522925 4523156 #1440cd
04 0 4523180 4552080 #b4b4b4
04 0 4552116 4553123 #1440cd
04 0 4553133 4553247 #b4b4b4
04 0 4553259 4596611 #1440cd
04 0 4596622 5713437 #b4b4b4
04 0 5713458 5713458 #9a029a
04 0 5713464 5713464 #1440cd
04 0 5713653 5713653 #b4b4b4
04 0 5713716 5732885 #1440cd
04 0 5732896 5733242 #b4b4b4
04 0 5733296 5790907 #1440cd
04 0 5792077 5848295 #b4b4b4
04 0 5848328 5848903 #1440cd
04 0 5849157 5849274 #b4b4b4
04 0 5849536 5855965 #1440cd
04 0 5855993 6102565 #b4b4b4
04 0 6102620 6219866 #1440cd
04 0 6219898 6219898 #b4b4b4
04 0 6220714 6234438 #1440cd
04 0 6234447 6306517 #b4b4b4
04 0 6311988 6317327 #1440cd
04 0 6317336 6463016 #b4b4b4
04 0 6463022 6463103 #1440cd
04 0 6463124 6508180 #b4b4b4
04 0 6508239 6509164 #1440cd
04 0 6509173 6587473 #b4b4b4
04 0 6593319 7148346 #1440cd
04 0 7148352 7148352 #b4b4b4
04 0 7148367 7152397 #1440cd
04 0 7152417 7909495 #b4b4b4
04 0 7909510 7914209 #1440cd
04 0 7914233 7924346 #b4b4b4
04 0 7925004 7967664 #1440cd
04 0 7967706 7967706 #b4b4b4
04 0 7967730 7968602 #1440cd
04 0 7971140 7971427 #b4b4b4
04 0 7971430 9198726 #1440cd
04 0 9198807 9265647 #b4b4b4
04 0 9265760 9269580 #1440cd
04 0 9269628 9269636 #b4b4b4
04 0 9269653 10223013 #1440cd
04 0 10223025 10223033 #b4b4b4
04 0 10223042 10260084 #1440cd
04 0 10260087 10260302 #b4b4b4
04 0 10260330 10268952 #1440cd
04 0 10269578 10292801 #b4b4b4
04 0 10292804 10292909 #1440cd
04 0 10292929 10293001 #b4b4b4
04 0 10293044 10293957 #1440cd
04 0 10293965 17584851 #b4b4b4
04 0 17584863 18457517 #00b009
04 0 18457532 18457532 #b4b4b4
04 0 18457550 19494748 #00b009
04 0 19496388 19496388 #b4b4b4
04 0 19496464 19947809 #00b009
04 0 19947816 28810988 #b4b4b4
04 0 28811144 28828999 #00b009
04 0 28829009 28829781 #b4b4b4
04 0 28829788 28884619 #00b009
04 0 28884694 28885208 #b4b4b4
04 0 28885223 28885223 #00b009
04 0 28885228 28904190 #b4b4b4
04 0 28912241 28912241 #00b009
04 0 28912306 28919135 #b4b4b4
04 0 28919180 28929198 #00b009
04 0 28929218 28929218 #b4b4b4
04 0 28929339 28931696 #00b009
04 0 28931774 28952411 #b4b4b4
04 0 28952775 28953031 #00b009
04 0 28953082 28956694 #b4b4b4
04 0 29059431 29077876 #00b009
04 0 29077927 29147665 #b4b4b4
04 0 29147707 29148065 #00b009
04 0 29148128 29191898 #b4b4b4
04 0 29191968 29193738 #00b009
04 0 29193768 29194146 #b4b4b4
04 0 29194181 29194181 #00b009
04 0 29194184 30284691 #b4b4b4
04 0 30284903 31497900 #1440cd
04 0 31498151 31498753 #b4b4b4
04 0 31519312 31526017 #1440cd
04 0 31526022 31526022 #b4b4b4
04 0 31526072 31622398 #1440cd
04 0 31622597 31623891 #b4b4b4
04 0 31623901 31624106 #1440cd
04 0 31624135 31631296 #b4b4b4
04 0 31631381 31665947 #1440cd
04 0 31677161 32020865 #b4b4b4
04 0 32020968 35426602 #00b009
04 0 35426795 35431325 #b4b4b4
04 0 35431346 35431520 #1440cd
04 0 35431547 35480320 #b4b4b4
04 0 35480403 35535411 #1440cd
04 0 35535468 35535939 #b4b4b4
04 0 35536023 35536197 #1440cd
04 0 35536203 35541458 #b4b4b4
04 0 35541482 35547119 #1440cd
04 0 35547176 35548850 #b4b4b4
04 0 35548873 35572703 #1440cd
04 0 35572751 35572949 #b4b4b4
04 0 35572982 35573150 #1440cd
04 0 35573160 36276047 #b4b4b4
04 0 36276239 36299564 #1440cd
04 0 36299567 36299567 #b4b4b4
04 0 36299594 36335944 #1440cd
04 0 36335962 36360109 #b4b4b4
04 0 36360214 37105743 #1440cd
04 1 1 570417 #b4b4b4
04 1 570456 570456 #ffc000
04 1 570548 570548 #b4b4b4
04 1 570605 1199521 #ffc000
04 1 1199608 1298881 #b4b4b4
04 1 1298893 1665417 #00b009
04 1 1665445 1669464 #b4b4b4
04 1 1669736 1669787 #00b009
04 1 1669808 1712061 #b4b4b4
04 1 1765690 2081072 #00b009
04 1 2081135 2081814 #b4b4b4
04 1 2081820 2081820 #00b009
04 1 2081828 2187931 #b4b4b4
04 1 2188054 2357193 #1440cd
04 1 2357201 2369809 #b4b4b4
04 1 2370607 2475731 #1440cd
04 1 2475748 2495384 #b4b4b4
04 1 2496276 2644765 #1440cd
04 1 2644786 2702414 #b4b4b4
04 1 2703010 2703142 #1440cd
04 1 2704839 2725167 #b4b4b4
04 1 2725355 2795048 #1440cd
04 1 2795087 5849587 #b4b4b4
04 1 5849652 5948942 #9a029a
04 1 5948952 5948952 #b4b4b4
04 1 5949004 6025859 #9a029a
04 1 6025871 6026285 #b4b4b4
04 1 6056488 6065847 #9a029a
04 1 6065853 6159340 #b4b4b4
04 1 6159348 6168024 #9a029a
04 1 6185969 6185969 #b4b4b4
04 1 6186009 6189108 #9a029a
04 1 6212047 6212935 #b4b4b4
04 1 6212950 6213115 #9a029a
04 1 6213121 6213139 #b4b4b4
04 1 6213155 6249583 #9a029a
04 1 6250742 6264290 #b4b4b4
04 1 6266338 6268014 #9a029a
04 1 6268035 10295603 #b4b4b4
04 1 10295686 30991477 #00b009
04 1 30991482 31013510 #b4b4b4
04 1 31014532 31912058 #9a029a
04 1 31912061 31912109 #b4b4b4
04 1 31912250 31976516 #9a029a
04 1 31976570 31977651 #b4b4b4
04 1 32003983 32205345 #9a029a
04 1 32205388 34630381 #b4b4b4
04 1 34630432 34965078 #1440cd
04 1 34966653 34969276 #b4b4b4
04 1 34969279 34969279 #1440cd
04 1 34969991 34998457 #b4b4b4
04 1 34998481 34998627 #1440cd
04 1 34998640 35299378 #b4b4b4
04 1 35318957 35324148 #1440cd
04 1 35325819 36340108 #b4b4b4
04 1 36340144 37105743 #00b009
05 0 1 8619254 #00b009
05 0 8619261 8619261 #b4b4b4
05 0 8619448 8632699 #00b009
05 0 8632717 10272720 #b4b4b4
05 0 10275803 33045241 #00b009
05 0 33045256 34714770 #b4b4b4
05 0 34721838 34722961 #00b009
05 0 34723215 34723710 #b4b4b4
05 0 34723728 41853232 #00b009
05 1 1 3445438 #9a029a
05 1 3462249 3838814 #b4b4b4
05 1 3838832 6133173 #00b009
05 1 6133189 6134365 #b4b4b4
05 1 6134430 6134430 #00b009
05 1 6134441 6134441 #b4b4b4
05 1 6134477 6202113 #00b009
05 1 6202141 6480976 #b4b4b4
05 1 6481009 6513733 #c00000
05 1 6513827 6517684 #b4b4b4
05 1 6519628 6654876 #c00000
05 1 6654916 6675245 #b4b4b4
05 1 6675272 35242655 #c00000
05 1 35242924 37376386 #b4b4b4
05 1 37376392 38531694 #1440cd
05 1 38531716 38628523 #b4b4b4
05 1 38628559 38628559 #1440cd
05 1 38628737 38628737 #b4b4b4
05 1 38630633 38634509 #1440cd
05 1 38634818 38644593 #b4b4b4
05 1 38644604 38728325 #1440cd
05 1 38728374 38731948 #b4b4b4
05 1 38731982 38746132 #1440cd
05 1 38746157 38746336 #b4b4b4
05 1 38746386 38824494 #1440cd
05 1 38824510 38824553 #b4b4b4
05 1 38824944 38872111 #1440cd
05 1 38872118 38872118 #b4b4b4
05 1 38872190 38872190 #1440cd
05 1 38872203 39720269 #b4b4b4
05 1 39720273 39723842 #1440cd
05 1 39723861 39723861 #b4b4b4
05 1 39731051 39731051 #1440cd
05 1 39731260 40427091 #b4b4b4
05 1 40427172 40948180 #9a029a
05 1 40948249 40948249 #b4b4b4
05 1 40948267 40948336 #9a029a
05 1 40948408 41853232 #b4b4b4
06 0 1 5238843 #00b009
06 0 5238883 5239022 #b4b4b4
06 0 5239031 5253900 #00b009
06 0 5253904 5254063 #b4b4b4
06 0 5254087 5254087 #00b009
06 0 5254147 5267746 #b4b4b4
06 0 5267753 5267753 #00b009
06 0 5287295 5287295 #b4b4b4
06 0 5287359 5290702 #00b009
06 0 5290873 5517779 #b4b4b4
06 0 5517848 6671348 #1440cd
06 0 6686141 6730914 #b4b4b4
06 0 6730926 6731541 #1440cd
06 0 6731616 6731733 #b4b4b4
06 0 6731736 6736084 #1440cd
06 0 6748880 6748880 #b4b4b4
06 0 6748902 6767581 #1440cd
06 0 6769458 6789468 #b4b4b4
06 0 6814015 6815878 #1440cd
06 0 6818233 6818434 #b4b4b4
06 0 6824151 6824203 #1440cd
06 0 6824322 6824322 #b4b4b4
06 0 6824336 6825044 #1440cd
06 0 6827277 6827277 #b4b4b4
06 0 6827325 10850994 #1440cd
06 0 10851391 10852295 #b4b4b4
06 0 10858866 10858866 #1440cd
06 0 10858929 10858929 #b4b4b4
06 0 10858938 10859040 #1440cd
06 0 10859046 11423183 #b4b4b4
06 0 11425104 14951040 #9a029a
06 0 14951082 15068076 #b4b4b4
06 0 15068219 15172447 #9a029a
06 0 15172480 15726003 #b4b4b4
06 0 15726341 15735408 #9a029a
06 0 15760667 15761169 #b4b4b4
06 0 15762191 15868073 #9a029a
06 0 15868107 16124970 #b4b4b4
06 0 16124987 16169753 #9a029a
06 0 16169792 24574452 #b4b4b4
06 0 24574604 24698946 #9a029a
06 0 24698952 24698952 #b4b4b4
06 0 24699214 24699600 #9a029a
06 0 24699603 24699672 #b4b4b4
06 0 24699678 25253341 #9a029a
06 0 25253422 29105856 #b4b4b4
06 0 29121541 29122101 #9a029a
06 0 29122137 29122169 #b4b4b4
06 0 29146539 30207716 #9a029a
06 0 30207770 30207770 #b4b4b4
06 0 30207794 30294925 #9a029a
06 0 30295994 30304409 #b4b4b4
06 0 30304424 30304440 #9a029a
06 0 30304457 30579897 #b4b4b4
06 0 30580427 30693741 #9a029a
06 0 30693769 30711032 #b4b4b4
06 0 30711130 30711291 #9a029a
06 0 30711318 30762813 #b4b4b4
06 0 30762943 30762997 #9a029a
06 0 30763074 30794389 #b4b4b4
06 0 30794395 30794440 #9a029a
06 0 30794473 30796088 #b4b4b4
06 0 30796280 30796337 #9a029a
06 0 30800543 31020394 #b4b4b4
06 0 31020497 31037902 #9a029a
06 0 31037960 31037960 #b4b4b4
06 0 31037995 33296379 #9a029a
06 0 33296386 33374209 #b4b4b4
06 0 33374285 33382339 #9a029a
06 0 33382389 33878847 #b4b4b4
06 0 33878880 37593364 #1440cd
06 1 1 1465901 #b4b4b4
06 1 1465904 1466348 #1440cd
06 1 1466357 1499506 #b4b4b4
06 1 1500269 2261705 #1440cd
06 1 2261726 3647856 #b4b4b4
06 1 3647872 3649236 #ffc000
06 1 3664922 3740413 #b4b4b4
06 1 3758000 3758077 #ffc000
06 1 3758114 3774864 #b4b4b4
06 1 3774876 4333152 #ffc000
06 1 4334231 4353053 #b4b4b4
06 1 4353113 4353242 #ffc000
06 1 4353275 4370487 #b4b4b4
06 1 4370515 4372567 #ffc000
06 1 4372576 4381973 #b4b4b4
06 1 4452089 4670160 #ffc000
06 1 4670172 4670172 #b4b4b4
06 1 4677720 4677720 #ffc000
06 1 4677924 4866610 #b4b4b4
06 1 4866646 4868230 #ffc000
06 1 4868277 4890348 #b4b4b4
06 1 4890514 4903949 #ffc000
06 1 4904817 4906172 #b4b4b4
06 1 4906224 4906502 #ffc000
06 1 4906630 5076083 #b4b4b4
06 1 5076160 7153996 #ffc000
06 1 7154809 7304459 #b4b4b4
06 1 7304504 7312088 #ffc000
06 1 7312109 7314436 #b4b4b4
06 1 7314496 7322417 #ffc000
06 1 7340654 7790472 #b4b4b4
06 1 7790480 8361085 #ffc000
06 1 8361157 8378326 #b4b4b4
06 1 8378558 8390630 #ffc000
06 1 8390642 8391005 #b4b4b4
06 1 8391059 8399324 #ffc000
06 1 8399339 8399339 #b4b4b4
06 1 8399371 8402056 #ffc000
06 1 8402278 8402299 #b4b4b4
06 1 8402366 8492715 #ffc000
06 1 8492719 8492727 #b4b4b4
06 1 8494140 8494140 #ffc000
06 1 8494526 9565821 #b4b4b4
06 1 9565916 9572241 #ffc000
06 1 9572281 9572682 #b4b4b4
06 1 9572740 11688027 #ffc000
06 1 11720110 11883481 #b4b4b4
06 1 11883554 11883554 #ffc000
06 1 11883648 11883648 #b4b4b4
06 1 11902771 11902858 #ffc000
06 1 11902894 11903039 #b4b4b4
06 1 11903075 11956092 #ffc000
06 1 11956125 11982038 #b4b4b4
06 1 11982049 11984193 #ffc000
06 1 11984216 11984685 #b4b4b4
06 1 11984704 12013722 #ffc000
06 1 12013754 12179998 #b4b4b4
06 1 12180388 12237693 #ffc000
06 1 12237731 12237731 #b4b4b4
06 1 12248702 16169015 #ffc000
06 1 16169093 16628288 #b4b4b4
06 1 16629650 16629857 #ffc000
06 1 16629863 16670211 #b4b4b4
06 1 16670262 26647162 #ffc000
06 1 26647619 26649896 #b4b4b4
06 1 26649994 26649994 #ffc000
06 1 26650038 27826248 #b4b4b4
06 1 27826276 27826276 #ffc000
06 1 27827264 28189798 #b4b4b4
06 1 28189815 28243476 #ffc000
06 1 28243524 28244094 #b4b4b4
06 1 28244108 28244108 #ffc000
06 1 28261374 28261473 #b4b4b4
06 1 28261515 28594072 #ffc000
06 1 28594080 28608789 #b4b4b4
06 1 28608807 28608807 #ffc000
06 1 28608814 28690468 #b4b4b4
06 1 28691260 28691731 #ffc000
06 1 28691740 28692171 #b4b4b4
06 1 28692212 28692762 #ffc000
06 1 28692770 28707799 #b4b4b4
06 1 28707808 28709547 #ffc000
06 1 28709557 29180656 #b4b4b4
06 1 29180779 29182987 #ffc000
06 1 29183065 29187042 #b4b4b4
06 1 29187985 29579225 #ffc000
06 1 29579376 29765263 #b4b4b4
06 1 29765362 30620700 #ffc000
06 1 30621199 30621199 #b4b4b4
06 1 30621247 30684062 #ffc000
06 1 30686260 30762943 #b4b4b4
06 1 30762954 30762957 #ffc000
06 1 30762972 30796088 #b4b4b4
06 1 30796280 32422287 #ffc000
06 1 32423099 33084079 #b4b4b4
06 1 33084103 33897553 #1440cd
06 1 33897564 33959461 #b4b4b4
06 1 33959476 34012973 #1440cd
06 1 34013159 34013159 #b4b4b4
06 1 34013168 34013768 #1440cd
06 1 34013964 34020498 #b4b4b4
06 1 34020559 34950754 #1440cd
06 1 34950793 34958381 #b4b4b4
06 1 34971368 34983051 #1440cd
06 1 34983062 36080311 #b4b4b4
06 1 36080365 36137749 #1440cd
06 1 36137764 36210617 #b4b4b4
06 1 36210671 36210740 #1440cd
06 1 36210855 36216796 #b4b4b4
06 1 36216812 36218882 #1440cd
06 1 36218930 36222064 #b4b4b4
06 1 36232218 36234841 #1440cd
06 1 36234895 37593364 #b4b4b4
07 0 1 3260996 #00b009
07 0 3261005 3981532 #b4b4b4
07 0 3981567 3993583 #9a029a
07 0 3993737 3997638 #b4b4b4
07 0 3997945 3998749 #9a029a
07 0 3999400 3999767 #b4b4b4
07 0 3999817 4020804 #9a029a
07 0 4020813 4024869 #b4b4b4
07 0 4024880 4050162 #9a029a
07 0 4050180 5464218 #b4b4b4
07 0 5464257 5466919 #9a029a
07 0 5467152 5467846 #b4b4b4
07 0 5470158 5470183 #9a029a
07 0 5470200 5481160 #b4b4b4
07 0 5482295 5482629 #9a029a
07 0 5482635 5550707 #b4b4b4
07 0 5550718 5554487 #9a029a
07 0 5554514 5565506 #b4b4b4
07 0 5565519 5565519 #9a029a
07 0 5565533 5593855 #b4b4b4
07 0 5596640 5596640 #9a029a
07 0 5601265 5625088 #b4b4b4
07 0 5625108 5706963 #9a029a
07 0 5707007 5794876 #b4b4b4
07 0 5803226 5830685 #9a029a
07 0 5830753 5830753 #b4b4b4
07 0 5830810 5831291 #9a029a
07 0 5831474 5831883 #b4b4b4
07 0 5832348 5832399 #9a029a
07 0 5832428 5832605 #b4b4b4
07 0 5833728 6183483 #9a029a
07 0 6187823 6188170 #b4b4b4
07 0 6188900 6221515 #9a029a
07 0 6221575 6241274 #b4b4b4
07 0 6241350 6245068 #9a029a
07 0 6245152 6251738 #b4b4b4
07 0 6251751 6251781 #9a029a
07 0 6251808 6252183 #b4b4b4
07 0 6252255 6255882 #9a029a
07 0 6255894 6256293 #b4b4b4
07 0 6256304 6256556 #9a029a
07 0 6257941 7223640 #b4b4b4
07 0 7223678 7225004 #1440cd
07 0 7225028 7225122 #b4b4b4
07 0 7225183 7252072 #1440cd
07 0 7252096 7252096 #b4b4b4
07 0 7254076 7254122 #1440cd
07 0 7254194 8181080 #b4b4b4
07 0 8226410 8227253 #9a029a
07 0 8227355 8455118 #b4b4b4
07 0 8455221 11043651 #00b009
07 0 11043713 12032476 #b4b4b4
07 0 12032494 27098199 #ffc000
07 0 27098211 27098211 #b4b4b4
07 0 27098309 27177562 #ffc000
07 0 27177723 27177723 #b4b4b4
07 0 27177777 27178121 #ffc000
07 0 27178166 27296444 #b4b4b4
07 0 27296452 27296500 #ffc000
07 0 27297273 27297456 #b4b4b4
07 0 27298424 27352659 #ffc000
07 0 27352672 30104126 #b4b4b4
07 0 30104374 31147283 #ffc000
07 0 31157217 31157217 #b4b4b4
07 0 31157225 33204844 #ffc000
07 0 33204847 33365863 #b4b4b4
07 0 33365882 35028021 #00b009
07 1 1 2432412 #b4b4b4
07 1 2432424 2906340 #1440cd
07 1 2906395 2910442 #b4b4b4
07 1 2910631 2911272 #1440cd
07 1 2911314 3557511 #b4b4b4
07 1 3557562 3557618 #1440cd
07 1 3557640 3598501 #b4b4b4
07 1 3603037 7682206 #1440cd
07 1 7682294 7934300 #b4b4b4
07 1 7934318 7936310 #1440cd
07 1 7936990 8644335 #b4b4b4
07 1 8644369 8687669 #9a029a
07 1 8687865 8687865 #b4b4b4
07 1 8687871 10411077 #9a029a
07 1 10411096 10411099 #b4b4b4
07 1 10415798 10415798 #9a029a
07 1 10415831 10417607 #b4b4b4
07 1 10442354 10467263 #9a029a
07 1 10467270 10708923 #b4b4b4
07 1 10708932 15152188 #9a029a
07 1 15152196 15152315 #b4b4b4
07 1 15158358 15160946 #9a029a
07 1 15161171 15361545 #b4b4b4
07 1 15361558 15361558 #9a029a
07 1 15363215 15555177 #b4b4b4
07 1 15555190 15622913 #9a029a
07 1 15622922 28909576 #b4b4b4
07 1 28909906 28910674 #1440cd
07 1 28931353 28932049 #b4b4b4
07 1 28932059 29583656 #1440cd
07 1 29583675 29583701 #b4b4b4
07 1 29583796 29598866 #1440cd
07 1 29598895 29598942 #b4b4b4
07 1 29598953 29598953 #1440cd
07 1 29598994 30386811 #b4b4b4
07 1 30386895 31636937 #1440cd
07 1 31637058 31886208 #b4b4b4
07 1 31886355 32707797 #1440cd
07 1 32708365 32720596 #b4b4b4
07 1 32721681 32722062 #1440cd
07 1 32722093 33362608 #b4b4b4
07 1 33364081 33364380 #1440cd
07 1 33364590 33364695 #b4b4b4
07 1 33364993 33414560 #1440cd
07 1 33414641 35028021 #b4b4b4
08 0 1 7349992 #00b009
08 0 7350054 7350054 #1440cd
08 0 7350203 7353565 #00b009
08 0 7353582 8046806 #1440cd
08 0 8046860 15480307 #ffc000
08 0 15480375 15494133 #b4b4b4
08 0 15515643 16761693 #1440cd
08 0 16761885 18045083 #b4b4b4
08 0 18046250 18046250 #ffc000
08 0 18046273 18556907 #b4b4b4
08 0 18557270 18557270 #ffc000
08 0 18557332 18967433 #b4b4b4
08 0 18967436 20523231 #1440cd
08 0 20523237 20523672 #b4b4b4
08 0 20523690 20525335 #1440cd
08 0 20721564 21080811 #b4b4b4
08 0 21080821 21219449 #ffc000
08 0 21631115 21631115 #b4b4b4
08 0 21631340 24097116 #ffc000
08 0 24097157 24097157 #b4b4b4
08 0 24207269 35940582 #ffc000
08 0 35940689 35986836 #b4b4b4
08 0 35986848 38247485 #ffc000
08 0 38247505 38287761 #b4b4b4
08 0 38288934 38730240 #ffc000
08 0 38730261 38734325 #b4b4b4
08 0 38734379 40486760 #ffc000
08 0 40486844 40487524 #b4b4b4
08 0 40487566 40532513 #ffc000
08 0 40532537 40788850 #b4b4b4
08 0 40788895 40853761 #ffc000
08 0 40853976 41712063 #b4b4b4
08 0 41714674 41739414 #c00000
08 0 41739417 41816448 #b4b4b4
08 0 41816576 41862675 #c00000
08 0 41862684 41930270 #b4b4b4
08 0 41930295 41932060 #c00000
08 0 41932384 42277893 #b4b4b4
08 0 42277977 44889171 #1440cd
08 1 1 1063257 #b4b4b4
08 1 1063278 1260650 #1440cd
08 1 1267879 1282618 #b4b4b4
08 1 1282639 1282651 #1440cd
08 1 1282760 1390080 #b4b4b4
08 1 1390084 9645019 #1440cd
08 1 9668690 9673228 #b4b4b4
08 1 9673476 9673542 #1440cd
08 1 9673656 9886951 #b4b4b4
08 1 9886956 9886973 #1440cd
08 1 9887008 10837843 #b4b4b4
08 1 10837890 10837958 #1440cd
08 1 10837969 10842389 #b4b4b4
08 1 10843575 35652263 #1440cd
08 1 35652326 35732324 #b4b4b4
08 1 35736817 35753315 #1440cd
08 1 35768015 35772632 #b4b4b4
08 1 35772698 35773772 #1440cd
08 1 35773809 35774005 #b4b4b4
08 1 35774071 35774221 #1440cd
08 1 35774236 35795989 #b4b4b4
08 1 35796006 35803957 #1440cd
08 1 35805216 35835891 #b4b4b4
08 1 35844962 35934164 #1440cd
08 1 35934178 35940554 #b4b4b4
08 1 35940582 38651694 #00b009
08 1 38651800 40239882 #b4b4b4
08 1 40239948 40259982 #00b009
08 1 40260009 40264238 #b4b4b4
08 1 40264271 40318074 #00b009
08 1 40318185 40318185 #b4b4b4
08 1 40318197 44889171 #00b009
09 0 1 3184604 #00b009
09 0 3184691 3184691 #1440cd
09 0 3184901 3205808 #00b009
09 0 3205858 8680170 #1440cd
09 0 8680218 8701706 #b4b4b4
09 0 8702506 10085893 #1440cd
09 0 10085914 11006483 #b4b4b4
09 0 11006531 11006614 #9a029a
09 0 11008005 11059491 #b4b4b4
09 0 11061025 11251303 #9a029a
09 0 11251307 11251307 #b4b4b4
09 0 11251428 12051058 #9a029a
09 0 12051065 12326922 #b4b4b4
09 0 12326949 12331996 #9a029a
09 0 12360980 12381772 #b4b4b4
09 0 12385410 12488291 #9a029a
09 0 12488356 35508916 #b4b4b4
09 0 35509105 35509105 #1440cd
09 0 35509165 35593945 #b4b4b4
09 0 35605777 35658451 #1440cd
09 0 35658596 35736246 #b4b4b4
09 0 35736363 35736385 #1440cd
09 0 35736408 35737391 #b4b4b4
09 0 35737498 35868582 #1440cd
09 0 35868591 35868636 #b4b4b4
09 0 35871443 36357794 #1440cd
09 0 36357842 36357842 #00b009
09 0 36357878 36357878 #1440cd
09 0 36357910 36357910 #00b009
09 0 36358073 36363480 #1440cd
09 0 36363537 36363595 #00b009
09 0 36363604 36363604 #1440cd
09 0 36363770 36364572 #00b009
09 0 36364599 36366782 #1440cd
09 0 36366822 36461907 #00b009
09 0 36461914 36463928 #1440cd
09 0 36464021 36464021 #00b009
09 0 36464043 36464069 #1440cd
09 0 36464079 36464111 #00b009
09 0 36465534 36465534 #b4b4b4
09 0 36465552 36469703 #00b009
09 0 36469727 36472518 #1440cd
09 0 36472540 36491220 #00b009
09 0 36491264 36516045 #b4b4b4
09 0 36516059 36516059 #00b009
09 0 36516203 36916295 #b4b4b4
09 0 36919314 36959711 #00b009
09 0 36959765 37077174 #1440cd
09 0 37138490 37138540 #b4b4b4
09 0 37138544 37139110 #1440cd
09 0 37141874 37247149 #b4b4b4
09 0 37265806 37301174 #1440cd
09 0 37301296 37971608 #b4b4b4
09 0 37971640 38120215 #1440cd
09 0 38120532 38700756 #b4b4b4
09 0 38700788 39642897 #00b009
09 0 39642949 39915891 #b4b4b4
09 0 39916136 40071818 #1440cd
09 0 40071827 40118101 #b4b4b4
09 0 40118349 41306725 #1440cd
09 1 1 5188443 #00b009
09 1 5188451 5189102 #1440cd
09 1 5189178 5621728 #00b009
09 1 5621773 5622104 #b4b4b4
09 1 5622173 5630169 #00b009
09 1 5630247 5630247 #b4b4b4
09 1 5630337 5630691 #00b009
09 1 5630820 5689155 #b4b4b4
09 1 5689508 5764042 #00b009
09 1 5764163 5764594 #b4b4b4
09 1 5764654 5976269 #00b009
09 1 5976329 5976329 #1440cd
09 1 5976353 6171462 #00b009
09 1 6171549 6226260 #b4b4b4
09 1 6226272 6425124 #00b009
09 1 6425137 6942769 #b4b4b4
09 1 6942900 6943731 #00b009
09 1 6943938 7036999 #b4b4b4
09 1 7037014 7037083 #1440cd
09 1 7037116 7037122 #b4b4b4
09 1 7037134 7037134 #1440cd
09 1 7037143 7037143 #b4b4b4
09 1 7037167 7037600 #1440cd
09 1 7053783 7054731 #b4b4b4
09 1 7054764 7086706 #1440cd
09 1 7086729 7194741 #00b009
09 1 7194874 7206080 #1440cd
09 1 7206349 7207849 #b4b4b4
09 1 7207946 7292338 #1440cd
09 1 7292346 7319122 #b4b4b4
09 1 7319155 7326582 #1440cd
09 1 7335628 7335628 #b4b4b4
09 1 7335692 8020688 #1440cd
09 1 8020766 8020766 #b4b4b4
09 1 8020769 8042427 #1440cd
09 1 8042535 8042535 #c00000
09 1 8042568 8042790 #b4b4b4
09 1 8042795 8043481 #c00000
09 1 8099978 8115840 #b4b4b4
09 1 8116018 8127908 #c00000
09 1 8140696 8142585 #b4b4b4
09 1 8143076 8148520 #c00000
09 1 8148685 8148916 #b4b4b4
09 1 8148959 9847488 #c00000
09 1 9848697 37971781 #00b009
09 1 37971786 37985913 #b4b4b4
09 1 37986256 37990656 #9a029a
09 1 38008205 38010409 #b4b4b4
09 1 38011774 38011804 #9a029a
09 1 38012093 38012098 #b4b4b4
09 1 38012173 38780359 #9a029a
09 1 38780368 38973849 #b4b4b4
09 1 38974420 38974587 #1440cd
09 1 38974637 38974752 #b4b4b4
09 1 38974770 39009296 #1440cd
09 1 39009331 39449050 #b4b4b4
09 1 39449057 40073988 #00b009
09 1 40074091 40130421 #b4b4b4
09 1 40130575 41306725 #00b009
10 0 1 37674811 #00b009
10 1 1 21453479 #00b009
10 1 21453503 22866072 #b4b4b4
10 1 22866127 23034758 #1440cd
10 1 23034859 23034859 #b4b4b4
10 1 23034890 23034932 #1440cd
10 1 23035130 23037096 #b4b4b4
10 1 23037105 23063680 #1440cd
10 1 23063687 23066294 #b4b4b4
10 1 23066393 23102114 #1440cd
10 1 23102147 23274480 #b4b4b4
10 1 23274848 23275072 #1440cd
10 1 23275107 23275512 #b4b4b4
10 1 23275539 23276068 #1440cd
10 1 23276086 25443168 #b4b4b4
10 1 25443179 26119508 #1440cd
10 1 26119568 26123149 #b4b4b4
10 1 26123215 26123313 #1440cd
10 1 26123382 26123915 #b4b4b4
10 1 26123956 26220781 #1440cd
10 1 26220847 26395163 #b4b4b4
10 1 26395175 27698720 #1440cd
10 1 27698765 27817606 #b4b4b4
10 1 27822533 29774454 #00b009
10 1 29774507 35183249 #b4b4b4
10 1 35183256 35427539 #c00000
10 1 35427745 35428261 #b4b4b4
10 1 35428394 35462245 #c00000
10 1 35467982 35467982 #b4b4b4
10 1 35468184 35470276 #c00000
10 1 35473034 35616360 #b4b4b4
10 1 35616384 35651843 #00b009
10 1 35651858 35652080 #b4b4b4
10 1 35652110 37674811 #00b009
11 0 1 2071904 #00b009
11 0 2071920 2109255 #b4b4b4
11 0 2109264 2110024 #00b009
11 0 2110042 2110042 #b4b4b4
11 0 2110084 2123583 #00b009
11 0 2123593 2124364 #b4b4b4
11 0 2124456 2124471 #00b009
11 0 2124552 2160565 #b4b4b4
11 0 2160569 2160569 #00b009
11 0 2160597 2160597 #b4b4b4
11 0 2160624 2160624 #00b009
11 0 2160651 2304118 #b4b4b4
11 0 2304130 2336735 #00b009
11 0 2339371 2339568 #b4b4b4
11 0 2339572 2339572 #00b009
11 0 2339610 2339610 #b4b4b4
11 0 2366579 2366579 #00b009
11 0 2366623 2984461 #b4b4b4
11 0 2984481 2984481 #00b009
11 0 2984548 3006209 #b4b4b4
11 0 3006225 21244559 #00b009
11 0 21244578 21245439 #b4b4b4
11 0 21245442 21247599 #00b009
11 0 21247686 22301955 #b4b4b4
11 0 22301980 23964596 #00b009
11 0 23965204 24373655 #b4b4b4
11 0 24373666 24377571 #00b009
11 0 24377600 24378055 #b4b4b4
11 0 24378088 24378157 #00b009
11 0 24378181 24378201 #b4b4b4
11 0 24378232 24385816 #00b009
11 0 24386621 24399404 #b4b4b4
11 0 24399448 25920356 #00b009
11 0 25920466 27954350 #b4b4b4
11 1 1 1264690 #b4b4b4
11 1 1264706 1291965 #9a029a
11 1 1291971 1291971 #b4b4b4
11 1 1292563 3435208 #9a029a
11 1 3435377 3436633 #b4b4b4
11 1 3436641 3436914 #9a029a
11 1 3436924 3822433 #b4b4b4
11 1 3824207 9170282 #00b009
11 1 9170309 10295470 #b4b4b4
11 1 10298693 24079809 #c00000
11 1 24103810 24105589 #b4b4b4
11 1 24106474 24107517 #c00000
11 1 24107577 24107577 #b4b4b4
11 1 24107604 24185695 #c00000
11 1 24185712 24185712 #b4b4b4
11 1 24185816 24187079 #c00000
11 1 24187090 24885208 #b4b4b4
11 1 24885354 25006659 #00b009
11 1 25006678 25033961 #b4b4b4
11 1 25034032 25146401 #00b009
11 1 25146447 25249610 #b4b4b4
11 1 25249619 25298127 #00b009
11 1 25298138 25298805 #b4b4b4
11 1 25298816 25306824 #00b009
11 1 25321370 25324533 #b4b4b4
11 1 25324582 25326603 #00b009
11 1 25326615 26222320 #b4b4b4
11 1 26222326 27954350 #c00000
