01 0 1 9278701 #1440cd
01 0 9279586 9352373 #b4b4b4
01 0 9352380 29070452 #1440cd
01 1 1 9032956 #1440cd
01 1 9032971 9278701 #00b009
01 1 9279586 9352373 #b4b4b4
01 1 9352380 9883589 #00b009
01 1 9883912 29070452 #1440cd
02 0 1 29511734 #1440cd
02 1 1 29511734 #1440cd
03 0 1 35020413 #1440cd
03 1 1 35020413 #1440cd
04 0 1 37105743 #1440cd
04 1 1 37105743 #1440cd
05 0 1 41853232 #1440cd
05 1 1 41853232 #1440cd
06 0 1 37593364 #1440cd
06 1 1 37593364 #1440cd
07 0 1 35028021 #1440cd
07 1 1 35028021 #1440cd
08 0 1 44889171 #1440cd
08 1 1 44889171 #1440cd
09 0 1 41306725 #1440cd
09 1 1 41306725 #1440cd
10 0 1 37674811 #1440cd
10 1 1 37674811 #1440cd
11 0 1 27954350 #1440cd
11 1 1 27954350 #1440cd
