01 0 1 29070452 #000000
01 1 1 29070452 #000000
02 0 1 29511734 #000000
02 1 1 29511734 #000000
03 0 1 35020413 #000000
03 1 1 35020413 #000000
04 0 1 37105743 #000000
04 1 1 37105743 #000000
05 0 1 41853232 #000000
05 1 1 41853232 #000000
06 0 1 37593364 #000000
06 1 1 37593364 #000000
07 0 1 35028021 #000000
07 1 1 35028021 #000000
08 0 1 44889171 #000000
08 1 1 44889171 #000000
09 0 1 41306725 #000000
09 1 1 41306725 #000000
10 0 1 37674811 #000000
10 1 1 37674811 #000000
11 0 1 27954350 #000000
11 1 1 27954350 #000000
