01 0 1 3784663 #ffc000
01 0 3784675 3823323 #b4b4b4
01 0 3823333 29070452 #ffc000
01 1 1 29070452 #ffc000
02 0 1 10079821 #ffc000
02 0 10080469 10082457 #b4b4b4
02 0 10082745 10612696 #ffc000
02 0 10810207 10810399 #b4b4b4
02 0 10810447 10810863 #ffc000
02 0 10810969 10811089 #b4b4b4
02 0 10811143 11597872 #ffc000
02 0 11597889 11894317 #b4b4b4
02 0 11897723 11935570 #ffc000
02 0 11935788 11943733 #b4b4b4
02 0 11943741 12941967 #ffc000
02 0 12941983 13017618 #b4b4b4
02 0 13017651 13017651 #ffc000
02 0 13017705 13017705 #b4b4b4
02 0 13017756 13097363 #ffc000
02 0 13097384 13130772 #b4b4b4
02 0 13130861 29511734 #ffc000
02 1 1 29511734 #ffc000
03 0 1 35020413 #ffc000
03 1 1 35020413 #ffc000
04 0 1 1792004 #ffc000
04 0 1815797 1815797 #b4b4b4
04 0 1817970 1896334 #ffc000
04 0 1896341 1897108 #b4b4b4
04 0 1897115 3423576 #ffc000
04 0 3423579 3423920 #b4b4b4
04 0 3423944 37105743 #ffc000
04 1 1 37105743 #ffc000
05 0 1 41853232 #ffc000
05 1 1 35405907 #ffc000
05 1 35408210 35408377 #b4b4b4
05 1 35408579 35435338 #ffc000
05 1 35435345 35485943 #b4b4b4
05 1 35486080 37656261 #ffc000
05 1 37658243 37805147 #b4b4b4
05 1 37805171 37805760 #ffc000
05 1 37805780 37805879 #b4b4b4
05 1 37805907 37807550 #ffc000
05 1 37807553 37807553 #b4b4b4
05 1 37809326 37817542 #ffc000
05 1 37817612 37836614 #b4b4b4
05 1 37837296 41853232 #ffc000
06 0 1 35640548 #ffc000
06 0 35640564 35641164 #b4b4b4
06 0 35641571 35641673 #ffc000
06 0 35642261 35657057 #b4b4b4
06 0 35657780 35711199 #ffc000
06 0 35711274 35720993 #b4b4b4
06 0 35721134 35721242 #ffc000
06 0 35721290 35729635 #b4b4b4
06 0 35729641 35759236 #ffc000
06 0 35762075 35808432 #b4b4b4
06 0 35808523 37593364 #ffc000
06 1 1 37593364 #ffc000
07 0 1 35028021 #ffc000
07 1 1 4775868 #ffc000
07 1 4775874 4781499 #b4b4b4
07 1 4782731 4951690 #ffc000
07 1 4951801 5044321 #b4b4b4
07 1 5044349 5392077 #ffc000
07 1 5392121 5455830 #b4b4b4
07 1 5456623 11417127 #ffc000
07 1 11417135 11566859 #b4b4b4
07 1 11566862 11566972 #ffc000
07 1 11566981 11572260 #b4b4b4
07 1 11572377 11854159 #ffc000
07 1 11854271 11854271 #b4b4b4
07 1 11854335 11864967 #ffc000
07 1 11865063 11866090 #b4b4b4
07 1 11866148 12030460 #ffc000
07 1 12030505 12030505 #b4b4b4
07 1 12030552 12030552 #ffc000
07 1 12030763 12030763 #b4b4b4
07 1 12031303 12031521 #ffc000
07 1 12031525 12031525 #b4b4b4
07 1 12031726 35028021 #ffc000
08 0 1 44889171 #ffc000
08 1 1 44889171 #ffc000
09 0 1 41306725 #ffc000
09 1 1 41306725 #ffc000
10 0 1 30529170 #ffc000
10 0 30529476 30529476 #b4b4b4
10 0 30529558 30761428 #ffc000
10 0 30761574 30761913 #b4b4b4
10 0 30761927 30841154 #ffc000
10 0 30841182 30859836 #b4b4b4
10 0 30860009 30933701 #ffc000
10 0 30933722 30933797 #b4b4b4
10 0 30933839 37674811 #ffc000
10 1 1 37674811 #ffc000
11 0 1 27954350 #ffc000
11 1 1 4390819 #ffc000
11 1 4390917 4390917 #b4b4b4
11 1 4390970 4391025 #ffc000
11 1 4391043 4672572 #b4b4b4
11 1 4672582 6584163 #ffc000
11 1 6584169 6683375 #b4b4b4
11 1 6683378 27954350 #ffc000
