01 0 1 10928366 #00b009
01 0 10928403 11314991 #b4b4b4
01 0 11315153 13217473 #9a029a
01 0 13217516 13227819 #b4b4b4
01 0 13229404 13230224 #9a029a
01 0 13230242 15308793 #b4b4b4
01 0 15308839 15309000 #1440cd
01 0 15309009 15309255 #b4b4b4
01 0 15309279 15324451 #1440cd
01 0 15324458 16524320 #b4b4b4
01 0 16524472 29070452 #1440cd
01 1 1 2067956 #00b009
01 1 2072779 2074229 #b4b4b4
01 1 2074238 2074267 #00b009
01 1 2076515 2123700 #b4b4b4
01 1 2123720 2391418 #00b009
01 1 2391505 2391893 #b4b4b4
01 1 2391965 2392160 #00b009
01 1 2392217 2448551 #b4b4b4
01 1 2448624 6403966 #00b009
01 1 6404017 6557073 #b4b4b4
01 1 6557118 6750310 #1440cd
01 1 6750446 6750742 #b4b4b4
01 1 6750749 6927927 #1440cd
01 1 6927943 7871689 #b4b4b4
01 1 7871713 10739233 #1440cd
01 1 10739332 11174932 #b4b4b4
01 1 11174942 11878947 #c00000
01 1 11879728 11961781 #b4b4b4
01 1 11961789 29070452 #00b009
02 0 1 16457384 #c00000
02 0 16457455 17484724 #b4b4b4
02 0 17484757 17674157 #9a029a
02 0 17674172 17720388 #b4b4b4
02 0 17720446 17931656 #9a029a
02 0 17931661 17978839 #b4b4b4
02 0 17978845 17979960 #9a029a
02 0 17979966 17980815 #b4b4b4
02 0 17980827 17981910 #9a029a
02 0 17982006 18054359 #b4b4b4
02 0 18054522 18054736 #9a029a
02 0 18054739 18068865 #b4b4b4
02 0 18069090 18072214 #9a029a
02 0 18072241 18073587 #b4b4b4
02 0 18073605 18095566 #9a029a
02 0 18095669 19689849 #b4b4b4
02 0 19689910 19697679 #9a029a
02 0 19697714 19697714 #b4b4b4
02 0 19697807 19697807 #9a029a
02 0 19697853 20667056 #b4b4b4
02 0 20694023 20749991 #9a029a
02 0 20805545 20861391 #b4b4b4
02 0 20861476 20875704 #9a029a
02 0 20885793 20924079 #b4b4b4
02 0 20925495 21028787 #9a029a
02 0 21031302 21085106 #b4b4b4
02 0 21085114 21085114 #9a029a
02 0 21085159 23397682 #b4b4b4
02 0 23397731 23397731 #9a029a
02 0 23398293 23398314 #b4b4b4
02 0 23399137 23399890 #9a029a
02 0 23399926 23400107 #b4b4b4
02 0 23400999 23415663 #9a029a
02 0 23415685 23949978 #b4b4b4
02 0 23949999 24849564 #00b009
02 0 24849607 25107338 #b4b4b4
02 0 25107346 29511734 #c00000
02 1 1 14721532 #b4b4b4
02 1 14721579 14721898 #9a029a
02 1 14721919 15012660 #b4b4b4
02 1 15012722 15013024 #9a029a
02 1 15013027 15013027 #b4b4b4
02 1 15013048 15013048 #9a029a
02 1 15013233 15015428 #b4b4b4
02 1 15015446 15032769 #9a029a
02 1 15032807 15063416 #b4b4b4
02 1 15063565 15073419 #9a029a
02 1 15075493 15083488 #b4b4b4
02 1 15083503 15083548 #9a029a
02 1 15084689 15522498 #b4b4b4
02 1 15522546 28778258 #00b009
02 1 28778323 28847077 #b4b4b4
02 1 28847101 28847173 #c00000
02 1 28847215 28851632 #b4b4b4
02 1 28851778 28875125 #c00000
02 1 28875263 28938607 #b4b4b4
02 1 28938774 29511734 #c00000
03 0 1 25077000 #00b009
03 0 25077021 25457526 #b4b4b4
03 0 25457547 35020413 #00b009
03 1 1 3565921 #c00000
03 1 3565963 3566899 #b4b4b4
03 1 3567289 24464061 #c00000
03 1 24464072 24536659 #b4b4b4
03 1 24537872 24537890 #c00000
03 1 24537914 24616039 #b4b4b4
03 1 24616058 25080388 #c00000
03 1 25080406 28486034 #b4b4b4
03 1 28486073 30716666 #00b009
03 1 30716716 30970787 #b4b4b4
03 1 30970937 34400326 #1440cd
03 1 34400425 34462053 #b4b4b4
03 1 34462130 34462187 #1440cd
03 1 34462236 35020413 #b4b4b4
04 0 1 37105743 #00b009
04 1 1 1056527 #b4b4b4
04 1 1056565 1095131 #9a029a
04 1 1095203 1661230 #b4b4b4
04 1 1663901 1665445 #00b009
04 1 1665479 1669380 #b4b4b4
04 1 1669464 6690215 #00b009
04 1 6690309 6690309 #b4b4b4
04 1 6690319 6690648 #00b009
04 1 6690715 6690715 #b4b4b4
04 1 6691086 6691726 #00b009
04 1 6691864 6731095 #b4b4b4
04 1 6731164 6826350 #00b009
04 1 6826432 6826432 #b4b4b4
04 1 6826436 6826436 #00b009
04 1 6826571 6826702 #b4b4b4
04 1 6827658 7011909 #00b009
04 1 7011913 7027570 #b4b4b4
04 1 7027582 7032277 #00b009
04 1 7032382 7156154 #b4b4b4
04 1 7156253 24453811 #00b009
04 1 24453827 24525777 #c00000
04 1 24525804 24704624 #b4b4b4
04 1 24704636 24705391 #c00000
04 1 24705436 24746880 #b4b4b4
04 1 24746889 24746929 #c00000
04 1 24747050 25004851 #b4b4b4
04 1 25004870 35186409 #00b009
04 1 35192146 35514664 #b4b4b4
04 1 35514680 35514845 #9a029a
04 1 35527576 35657698 #b4b4b4
04 1 35657975 35659433 #9a029a
04 1 35659572 35767689 #b4b4b4
04 1 35768862 35779218 #9a029a
04 1 35779254 35779742 #b4b4b4
04 1 35779862 35779952 #9a029a
04 1 35783990 35783993 #b4b4b4
04 1 35784039 35784039 #9a029a
04 1 35806082 35837670 #b4b4b4
04 1 35837684 35924521 #9a029a
04 1 35933857 37105743 #b4b4b4
05 0 1 39349671 #00b009
05 0 39374023 39720269 #b4b4b4
05 0 39720273 39723842 #1440cd
05 0 39723861 39723861 #b4b4b4
05 0 39731051 39731051 #1440cd
05 0 39731260 40427091 #b4b4b4
05 0 40427172 40948180 #9a029a
05 0 40948249 40948249 #b4b4b4
05 0 40948267 40948336 #9a029a
05 0 40948408 41853232 #b4b4b4
05 1 1 1882422 #c00000
05 1 1920302 2067077 #b4b4b4
05 1 2067105 2094846 #c00000
05 1 2094852 2410195 #b4b4b4
05 1 2410259 2410312 #00b009
05 1 2410851 2410986 #b4b4b4
05 1 2411009 4168913 #00b009
05 1 4173226 4173263 #b4b4b4
05 1 4175913 4177186 #00b009
05 1 4177247 4197920 #b4b4b4
05 1 4198604 4252783 #c00000
05 1 4252837 4254422 #b4b4b4
05 1 4254441 5381505 #c00000
05 1 5381535 5441461 #b4b4b4
05 1 5441511 7183407 #c00000
05 1 7183410 7914407 #b4b4b4
05 1 7914422 7914422 #00b009
05 1 7914452 7914452 #b4b4b4
05 1 7914486 10808931 #00b009
05 1 10808979 10808997 #b4b4b4
05 1 10809012 10809195 #00b009
05 1 10809204 10811930 #b4b4b4
05 1 10811975 10814573 #00b009
05 1 10814796 10814796 #b4b4b4
05 1 10814835 10819726 #00b009
05 1 10819776 10851304 #b4b4b4
05 1 10851393 10859834 #00b009
05 1 10860308 11634301 #b4b4b4
05 1 11634418 11751862 #c00000
05 1 11751977 11843842 #b4b4b4
05 1 11843900 11844145 #c00000
05 1 11844166 11844568 #b4b4b4
05 1 11844595 11877829 #c00000
05 1 11880126 11985655 #b4b4b4
05 1 11987702 35242655 #c00000
05 1 35242924 35421125 #b4b4b4
05 1 35434304 35486080 #c00000
05 1 35533497 36340306 #b4b4b4
05 1 36340309 37786566 #c00000
05 1 37786578 37787552 #b4b4b4
05 1 37788378 37815382 #c00000
05 1 37817542 37817612 #b4b4b4
05 1 37818017 37856828 #c00000
05 1 37856838 38947484 #b4b4b4
05 1 38947508 40077580 #c00000
05 1 40077593 40644037 #b4b4b4
05 1 40644181 41853232 #00b009
06 0 1 1186394 #00b009
06 0 1187326 1187449 #b4b4b4
06 0 1187474 1187474 #00b009
06 0 1187596 1540415 #b4b4b4
06 0 1540497 1540609 #1440cd
06 0 1553942 1634485 #b4b4b4
06 0 1634743 1662731 #1440cd
06 0 1662736 1662764 #b4b4b4
06 0 1662975 1663126 #1440cd
06 0 1663180 1663213 #b4b4b4
06 0 1663360 1687781 #1440cd
06 0 1687824 1718303 #b4b4b4
06 0 1718309 1719797 #1440cd
06 0 1722930 1722930 #b4b4b4
06 0 1722948 1901056 #1440cd
06 0 1901059 1906837 #b4b4b4
06 0 1907063 1992698 #1440cd
06 0 1992714 2265216 #b4b4b4
06 0 2265319 2265444 #1440cd
06 0 2265454 3126663 #b4b4b4
06 0 3126694 3126946 #00b009
06 0 3127002 3328610 #b4b4b4
06 0 3328666 3328780 #00b009
06 0 3329035 3329770 #b4b4b4
06 0 3329914 3339220 #00b009
06 0 3339322 3345970 #b4b4b4
06 0 3345985 3403040 #00b009
06 0 3403134 3404668 #b4b4b4
06 0 3404714 3456020 #00b009
06 0 3456040 3470753 #b4b4b4
06 0 3470768 3474960 #00b009
06 0 3476701 3530859 #b4b4b4
06 0 3532136 3575402 #00b009
06 0 3575654 4009002 #b4b4b4
06 0 4009719 4077515 #c00000
06 0 4079683 4495423 #b4b4b4
06 0 4495976 7156636 #00b009
06 0 7156643 7166610 #b4b4b4
06 0 7166656 7166751 #00b009
06 0 7166802 7166802 #b4b4b4
06 0 7166833 7191437 #00b009
06 0 7191446 7796747 #b4b4b4
06 0 7796857 7796890 #00b009
06 0 7797237 7852735 #b4b4b4
06 0 7852750 7852803 #00b009
06 0 7852808 7853015 #b4b4b4
06 0 7853028 7880401 #00b009
06 0 7880443 7914831 #b4b4b4
06 0 7915108 8008959 #00b009
06 0 8009009 8011304 #b4b4b4
06 0 8011326 8011620 #00b009
06 0 8011638 8023361 #b4b4b4
06 0 8036598 29535323 #00b009
06 0 29535326 29535440 #b4b4b4
06 0 29535449 29535465 #00b009
06 0 29535527 32941834 #b4b4b4
06 0 32941845 37593364 #00b009
06 1 1 935269 #b4b4b4
06 1 935321 935329 #c00000
06 1 939354 939640 #b4b4b4
06 1 942769 943006 #c00000
06 1 943099 943193 #b4b4b4
06 1 943197 948017 #c00000
06 1 948055 949443 #b4b4b4
06 1 950095 1044199 #c00000
06 1 1044214 1044398 #b4b4b4
06 1 1044431 1168497 #c00000
06 1 1178647 3329578 #b4b4b4
06 1 3329770 3329914 #c00000
06 1 3330111 3343258 #b4b4b4
06 1 3343273 3345594 #c00000
06 1 3345738 3345985 #b4b4b4
06 1 3348258 4547302 #c00000
06 1 4547371 4547371 #b4b4b4
06 1 4547383 4547383 #c00000
06 1 4547389 4905774 #b4b4b4
06 1 4905837 4905961 #00b009
06 1 4905973 4986914 #b4b4b4
06 1 4986917 6397053 #00b009
06 1 6398594 6457239 #b4b4b4
06 1 6457272 6469230 #00b009
06 1 6469268 6469268 #b4b4b4
06 1 6469441 8075880 #9a029a
06 1 8078870 8087477 #b4b4b4
06 1 8087488 8087755 #9a029a
06 1 8088968 8266127 #b4b4b4
06 1 8279093 8279127 #9a029a
06 1 8279133 11048286 #b4b4b4
06 1 11048308 11048575 #9a029a
06 1 11048586 11074079 #b4b4b4
06 1 11074085 11124656 #9a029a
06 1 11124670 11364570 #b4b4b4
06 1 11364591 11364755 #9a029a
06 1 11364828 11365533 #b4b4b4
06 1 11365595 11365595 #9a029a
06 1 11365652 11403185 #b4b4b4
06 1 11406753 12450679 #9a029a
06 1 12450685 13331765 #b4b4b4
06 1 13331772 13920684 #9a029a
06 1 13920715 13920715 #b4b4b4
06 1 13920719 13920719 #9a029a
06 1 13920735 13948819 #b4b4b4
06 1 13948893 13955077 #9a029a
06 1 13955133 13955133 #b4b4b4
06 1 13955139 14099519 #9a029a
06 1 14099530 14110878 #b4b4b4
06 1 14111111 14143374 #9a029a
06 1 14145542 15402705 #b4b4b4
06 1 15403153 15404318 #00b009
06 1 15414665 20049690 #b4b4b4
06 1 20049825 21050213 #00b009
06 1 21050264 21454691 #b4b4b4
06 1 21454853 21454853 #00b009
06 1 21454876 21521605 #b4b4b4
06 1 21521613 22465704 #1440cd
06 1 22466940 22467673 #b4b4b4
06 1 22467696 23025285 #1440cd
06 1 23025848 23029138 #b4b4b4
06 1 23030224 23166506 #1440cd
06 1 23166692 24199131 #b4b4b4
06 1 24569536 24581282 #00b009
06 1 24581422 24581583 #b4b4b4
06 1 24687312 24690109 #00b009
06 1 24690394 24693614 #b4b4b4
06 1 24693661 25166663 #00b009
06 1 25166881 25170347 #1440cd
06 1 25170350 25173719 #00b009
06 1 25173724 25281935 #b4b4b4
06 1 25281944 25281944 #1440cd
06 1 25281961 25281974 #b4b4b4
06 1 25281990 25282522 #1440cd
06 1 25282528 25282606 #b4b4b4
06 1 25283672 25283672 #1440cd
06 1 25283693 25285243 #b4b4b4
06 1 25285350 25288109 #1440cd
06 1 25288179 25288179 #b4b4b4
06 1 25288234 27204320 #1440cd
06 1 27204488 27204488 #b4b4b4
06 1 27204518 27817717 #1440cd
06 1 27817754 27942231 #b4b4b4
06 1 27942267 28177548 #1440cd
06 1 28177571 28178057 #b4b4b4
06 1 28178197 28189798 #1440cd
06 1 28189815 28194810 #b4b4b4
06 1 28195125 28203729 #1440cd
06 1 28203759 28203759 #b4b4b4
06 1 28203779 28244094 #1440cd
06 1 28244108 29579391 #b4b4b4
06 1 29579560 30138677 #c00000
06 1 30138749 30519129 #b4b4b4
06 1 30519136 30808958 #9a029a
06 1 30808964 31020394 #b4b4b4
06 1 31020497 31036540 #9a029a
06 1 31036543 31042826 #b4b4b4
06 1 31042840 32941545 #9a029a
06 1 32941572 32942170 #b4b4b4
06 1 32942193 32947486 #9a029a
06 1 32947522 33063759 #b4b4b4
06 1 33067910 33068661 #9a029a
06 1 33068669 33068845 #b4b4b4
06 1 33068877 33069503 #9a029a
06 1 33069542 33069674 #b4b4b4
06 1 33070025 33074727 #9a029a
06 1 33074847 33077760 #b4b4b4
06 1 33078804 33112114 #9a029a
06 1 33112829 33114886 #b4b4b4
06 1 33115172 33115385 #9a029a
06 1 33116380 33116638 #b4b4b4
06 1 33116673 33118038 #9a029a
06 1 33118132 33525681 #b4b4b4
06 1 33525711 36891452 #00b009
06 1 36891461 36892378 #b4b4b4
06 1 36892388 36922235 #00b009
06 1 36922242 36923651 #b4b4b4
06 1 36925225 37593364 #00b009
07 0 1 11040546 #00b009
07 0 11040586 11204107 #b4b4b4
07 0 11210235 13283672 #c00000
07 0 13283703 13285112 #b4b4b4
07 0 13285115 13297578 #c00000
07 0 13297615 15622913 #b4b4b4
07 0 15622922 15957738 #c00000
07 0 15957741 21693986 #b4b4b4
07 0 21694034 21734267 #c00000
07 0 21734327 21734522 #b4b4b4
07 0 21734794 21933520 #c00000
07 0 21933638 27783486 #b4b4b4
07 0 27783498 27783590 #c00000
07 0 27783606 27784945 #b4b4b4
07 0 27784963 27809339 #c00000
07 0 27809562 27876288 #b4b4b4
07 0 27876307 27876367 #c00000
07 0 27876417 28812779 #b4b4b4
07 0 28812827 30615997 #00b009
07 0 30616030 30839292 #b4b4b4
07 0 30839304 31035168 #9a029a
07 0 31038826 31437327 #b4b4b4
07 0 31437504 33651914 #00b009
07 0 33652253 35028021 #b4b4b4
07 1 1 2885375 #c00000
07 1 2888055 3013887 #b4b4b4
07 1 3013965 4070611 #00b009
07 1 4070634 4189744 #b4b4b4
07 1 4189842 4258042 #00b009
07 1 4258058 4387913 #b4b4b4
07 1 4387916 5565293 #c00000
07 1 5565317 5565506 #b4b4b4
07 1 5565519 5565519 #c00000
07 1 5565533 5565533 #b4b4b4
07 1 5592840 8295789 #c00000
07 1 8295814 8840239 #b4b4b4
07 1 8840244 9134505 #c00000
07 1 9134557 9385053 #b4b4b4
07 1 9385067 28990992 #c00000
07 1 28991014 29187882 #b4b4b4
07 1 29187954 29209464 #c00000
07 1 29209611 29209678 #b4b4b4
07 1 29209684 29442301 #c00000
07 1 29442583 29442685 #b4b4b4
07 1 29442709 30839172 #c00000
07 1 30839222 30839652 #b4b4b4
07 1 30839689 30839914 #c00000
07 1 30839925 30839967 #b4b4b4
07 1 30847854 31147238 #c00000
07 1 31147283 31147283 #b4b4b4
07 1 31157217 31192048 #c00000
07 1 31192064 32485579 #b4b4b4
07 1 32486594 33320556 #00b009
07 1 33320607 33320607 #b4b4b4
07 1 33320700 33320700 #00b009
07 1 33320712 33400359 #b4b4b4
07 1 33400675 33400675 #1440cd
07 1 33400696 33559666 #b4b4b4
07 1 33559775 33559775 #9a029a
07 1 33559791 33590600 #b4b4b4
07 1 33590612 33592250 #9a029a
07 1 33592259 33592259 #b4b4b4
07 1 33592286 35028021 #9a029a
08 0 1 18955696 #00b009
08 0 18955720 22158894 #b4b4b4
08 0 22158911 31818159 #9a029a
08 0 31818176 32121915 #b4b4b4
08 0 32121930 32121981 #9a029a
08 0 32122111 32124141 #b4b4b4
08 0 32124400 32634792 #9a029a
08 0 32634822 32635856 #b4b4b4
08 0 32635928 32635928 #9a029a
08 0 32636086 32650107 #b4b4b4
08 0 32650241 32652064 #9a029a
08 0 32652124 32718050 #b4b4b4
08 0 32718118 32718163 #9a029a
08 0 32718491 32718558 #b4b4b4
08 0 32718578 32718805 #9a029a
08 0 32718834 32719218 #b4b4b4
08 0 32719225 32774027 #9a029a
08 0 32774050 33182978 #b4b4b4
08 0 33183824 33383264 #9a029a
08 0 33383574 33383610 #b4b4b4
08 0 33384900 33384900 #9a029a
08 0 33384950 33385436 #b4b4b4
08 0 33385443 33832459 #9a029a
08 0 33832608 33832608 #b4b4b4
08 0 33836667 33878466 #9a029a
08 0 33878541 33944952 #b4b4b4
08 0 33945027 44889171 #00b009
08 1 1 10949363 #c00000
08 1 10949534 11045758 #b4b4b4
08 1 11045807 11045869 #c00000
08 1 11046829 11107942 #b4b4b4
08 1 11108249 11108560 #c00000
08 1 11109387 11117379 #b4b4b4
08 1 11117561 11117669 #c00000
08 1 11117672 11117720 #b4b4b4
08 1 11117735 18043797 #c00000
08 1 18043819 18043889 #b4b4b4
08 1 18043892 18982281 #c00000
08 1 18982320 19535812 #b4b4b4
08 1 19536569 38858355 #c00000
08 1 38858358 38858386 #b4b4b4
08 1 38858393 38858393 #c00000
08 1 38858397 38858705 #b4b4b4
08 1 38858782 38863222 #c00000
08 1 38863344 40054644 #b4b4b4
08 1 40054692 40420038 #9a029a
08 1 40420490 40420490 #b4b4b4
08 1 40420525 40428388 #9a029a
08 1 40428534 40489221 #b4b4b4
08 1 40500585 40500668 #9a029a
08 1 40500941 40502128 #b4b4b4
08 1 40503510 40532057 #9a029a
08 1 40532063 40532366 #b4b4b4
08 1 40532412 40532412 #9a029a
08 1 40532444 40629458 #b4b4b4
08 1 40633959 40635382 #9a029a
08 1 40637315 40854191 #b4b4b4
08 1 40854198 40905836 #9a029a
08 1 40907116 41614234 #b4b4b4
08 1 41614269 41614390 #1440cd
08 1 41614394 41638567 #b4b4b4
08 1 41638804 41649780 #1440cd
08 1 41649803 41649803 #b4b4b4
08 1 41649819 41673929 #1440cd
08 1 41674275 41711673 #b4b4b4
08 1 41711702 41721998 #1440cd
08 1 41723258 41730386 #b4b4b4
08 1 41730606 41730606 #1440cd
08 1 41730619 41730619 #b4b4b4
08 1 41731769 41731877 #1440cd
08 1 41731889 41732685 #b4b4b4
08 1 41732799 41739417 #1440cd
08 1 41739429 41739478 #b4b4b4
08 1 41739623 41767600 #1440cd
08 1 41767742 41912816 #b4b4b4
08 1 41912902 41912902 #1440cd
08 1 41912915 41917736 #b4b4b4
08 1 41917743 42036024 #1440cd
08 1 42036047 42036047 #b4b4b4
08 1 42036059 42065501 #1440cd
08 1 42065720 44889171 #b4b4b4
09 0 1 8124039 #00b009
09 0 8124055 8125272 #b4b4b4
09 0 8125278 38537690 #00b009
09 0 38537713 38538144 #9a029a
09 0 38538177 38538498 #b4b4b4
09 0 38538516 38538516 #00b009
09 0 38538531 38547337 #b4b4b4
09 0 38547379 38547379 #9a029a
09 0 38547413 38547557 #b4b4b4
09 0 38547955 38547955 #9a029a
09 0 38548018 38627112 #00b009
09 0 38627157 38627198 #b4b4b4
09 0 38627322 38627677 #00b009
09 0 38627707 38650886 #b4b4b4
09 0 38650921 40056060 #00b009
09 0 40056079 40455518 #b4b4b4
09 0 40455578 40481521 #c00000
09 0 40486702 40486744 #b4b4b4
09 0 40486856 40486897 #c00000
09 0 40487059 40487373 #b4b4b4
09 0 40487446 40560045 #c00000
09 0 40560054 40560054 #b4b4b4
09 0 40561845 41306725 #c00000
09 1 1 931823 #b4b4b4
09 1 931829 1549655 #c00000
09 1 1549676 2019411 #b4b4b4
09 1 2019426 3900667 #00b009
09 1 3900671 4010707 #b4b4b4
09 1 4010764 5143963 #1440cd
09 1 5143980 5145227 #b4b4b4
09 1 5145274 5188396 #1440cd
09 1 5188443 5321152 #b4b4b4
09 1 5321209 8156786 #1440cd
09 1 8156819 8703329 #b4b4b4
09 1 8703479 9618635 #00b009
09 1 9628443 9797050 #b4b4b4
09 1 9797055 10344872 #1440cd
09 1 10346812 11069022 #b4b4b4
09 1 11069060 11133055 #9a029a
09 1 11133065 11150742 #b4b4b4
09 1 11150783 11211773 #9a029a
09 1 11212186 11212564 #b4b4b4
09 1 11212599 11221583 #9a029a
09 1 11221591 11251852 #b4b4b4
09 1 11251857 11312814 #9a029a
09 1 11312871 11312871 #b4b4b4
09 1 11312874 11312874 #9a029a
09 1 11312886 11312886 #b4b4b4
09 1 11312907 11671733 #9a029a
09 1 11675486 11783461 #b4b4b4
09 1 11786002 11786107 #9a029a
09 1 11786158 12330950 #b4b4b4
09 1 12330962 37674289 #00b009
09 1 37674388 37897845 #b4b4b4
09 1 37897878 41306725 #c00000
10 0 1 37674811 #00b009
10 1 1 26033427 #00b009
10 1 26033496 26582573 #b4b4b4
10 1 26582582 26582594 #9a029a
10 1 26582624 26588162 #b4b4b4
10 1 26590399 26603877 #9a029a
10 1 26603887 26604168 #b4b4b4
10 1 26605134 29225040 #9a029a
10 1 29260925 29260925 #b4b4b4
10 1 29260989 29261720 #9a029a
10 1 29262040 29385940 #b4b4b4
10 1 29386003 29589602 #9a029a
10 1 29589711 29611602 #b4b4b4
10 1 29611643 29651402 #9a029a
10 1 29651526 29651570 #b4b4b4
10 1 29651670 29678501 #9a029a
10 1 29678512 29692574 #b4b4b4
10 1 29692638 29693293 #9a029a
10 1 29693347 29708497 #b4b4b4
10 1 29708567 29708966 #9a029a
10 1 29709050 29709050 #b4b4b4
10 1 29709071 29710457 #9a029a
10 1 29713404 29713423 #b4b4b4
10 1 29713579 29714661 #9a029a
10 1 29714676 30491479 #b4b4b4
10 1 30492861 32331619 #00b009
10 1 32347313 34226383 #b4b4b4
10 1 34226865 37674811 #00b009
11 0 1 23377373 #00b009
11 0 23377377 24108003 #b4b4b4
11 0 24108093 24161219 #c00000
11 0 24161225 24161487 #b4b4b4
11 0 24161492 24185523 #c00000
11 0 24185544 24203785 #b4b4b4
11 0 24203794 24203797 #c00000
11 0 24203831 24222252 #b4b4b4
11 0 24222285 24222488 #c00000
11 0 24222493 24222552 #b4b4b4
11 0 24222578 24231128 #c00000
11 0 24231383 24768102 #b4b4b4
11 0 24768246 25338390 #00b009
11 0 25338411 25364291 #b4b4b4
11 0 25364813 25364813 #00b009
11 0 25366676 25367014 #b4b4b4
11 0 25367942 25396101 #00b009
11 0 25396125 26110727 #b4b4b4
11 0 26110800 26111381 #c00000
11 0 26111554 26137320 #b4b4b4
11 0 26221731 27150484 #c00000
11 0 27150542 27157397 #b4b4b4
11 0 27162662 27165457 #c00000
11 0 27170466 27210045 #b4b4b4
11 0 27210069 27954350 #c00000
11 1 1 755256 #c00000
11 1 763700 784717 #b4b4b4
11 1 784742 784746 #c00000
11 1 784837 785250 #b4b4b4
11 1 785999 849418 #c00000
11 1 849474 1085054 #b4b4b4
11 1 1085078 1116294 #c00000
11 1 1116342 1204828 #b4b4b4
11 1 1218064 1218064 #c00000
11 1 1218071 1232276 #b4b4b4
11 1 1232305 1232620 #c00000
11 1 1232648 1526000 #b4b4b4
11 1 1526036 1993718 #00b009
11 1 1993726 2006004 #b4b4b4
11 1 2006034 2304220 #00b009
11 1 2304282 2339610 #b4b4b4
11 1 2366579 2528074 #00b009
11 1 2528128 2530072 #b4b4b4
11 1 2589251 2635715 #9a029a
11 1 2635718 2636162 #b4b4b4
11 1 2636177 3482616 #9a029a
11 1 3484141 3836831 #b4b4b4
11 1 3836839 9137808 #00b009
11 1 9137818 10295470 #b4b4b4
11 1 10298693 27954350 #c00000
