01 0 1 29070452 #ffc000
01 1 1 29070452 #ffc000
02 0 1 29511734 #ffc000
02 1 1 29511734 #ffc000
03 0 1 33942768 #ffc000
03 0 33942775 33942775 #b4b4b4
03 0 33942809 33943181 #ffc000
03 0 33943201 33944904 #b4b4b4
03 0 33944919 35020413 #ffc000
03 1 1 35020413 #ffc000
04 0 1 37105743 #ffc000
04 1 1 37105743 #ffc000
05 0 1 41853232 #ffc000
05 1 1 41853232 #ffc000
06 0 1 37593364 #ffc000
06 1 1 37593364 #ffc000
07 0 1 35028021 #ffc000
07 1 1 35028021 #ffc000
08 0 1 44889171 #ffc000
08 1 1 44889171 #ffc000
09 0 1 41306725 #ffc000
09 1 1 41306725 #ffc000
10 0 1 37674811 #ffc000
10 1 1 9736526 #ffc000
10 1 9736539 9736539 #b4b4b4
10 1 9736674 9736770 #ffc000
10 1 9737226 10152846 #b4b4b4
10 1 10152864 37674811 #ffc000
11 0 1 27954350 #ffc000
11 1 1 17073155 #ffc000
11 1 17073172 17074100 #b4b4b4
11 1 17074140 17076033 #ffc000
11 1 17076037 17076037 #b4b4b4
11 1 17077237 17552180 #ffc000
11 1 17552240 17618843 #b4b4b4
11 1 17618882 18934370 #ffc000
11 1 18937116 19004536 #b4b4b4
11 1 19004584 27954350 #ffc000
