01 0 1 29070452 g2
01 1 1 29070452 g2
02 0 1 29511734 g2
02 1 1 29511734 g2
03 0 1 33942768 g2
03 0 33942775 33942775 g7
03 0 33942809 33943181 g2
03 0 33943201 33944904 g7
03 0 33944919 35020413 g2
03 1 1 35020413 g2
04 0 1 37105743 g2
04 1 1 37105743 g2
05 0 1 41853232 g2
05 1 1 41853232 g2
06 0 1 37593364 g2
06 1 1 37593364 g2
07 0 1 35028021 g2
07 1 1 35028021 g2
08 0 1 44889171 g2
08 1 1 44889171 g2
09 0 1 41306725 g2
09 1 1 41306725 g2
10 0 1 37674811 g2
10 1 1 9736526 g2
10 1 9736539 9736539 g7
10 1 9736674 9736770 g2
10 1 9737226 10152846 g7
10 1 10152864 37674811 g2
11 0 1 27954350 g2
11 1 1 17073155 g2
11 1 17073172 17074100 g7
11 1 17074140 17076033 g2
11 1 17076037 17076037 g7
11 1 17077237 17552180 g2
11 1 17552240 17618843 g7
11 1 17618882 18934370 g2
11 1 18937116 19004536 g7
11 1 19004584 27954350 g2