01 0 1 1800000 C
01 0 2000001 3100000 C
01 0 3300001 11100000 C
01 0 13300001 26900000 C
01 0 27100001 28800000 C
01 1 1 1800000 M
01 1 2000001 3100000 M
01 1 3300001 11100000 M
01 1 13300001 26900000 M
01 1 27100001 28800000 M
02 0 300001 500000 C
02 0 900001 1300000 C
02 0 2700001 8800000 C
02 0 9200001 22200000 C
02 0 22300001 28100000 C
02 0 29100001 34100000 C
02 0 36200001 36300000 C
02 1 300001 500000 M
02 1 900001 1300000 M
02 1 2700001 8800000 M
02 1 9200001 22200000 P
02 1 22300001 28100000 P
02 1 29100001 34100000 M
02 1 36200001 36300000 C
03 0 1 2000000 C
03 0 2200001 3300000 C
03 0 7100001 11100000 C
03 0 11200001 31400000 C
03 0 35400001 43100000 C
03 0 43200001 48000000 C
03 0 48100001 51000000 C
03 1 1 2000000 M
03 1 2200001 3300000 M
03 1 7100001 11100000 M
03 1 11200001 31400000 M
03 1 35400001 43100000 M
03 1 43200001 48000000 M
03 1 48100001 51000000 M
04 0 1 400000 C
04 0 500001 1000000 C
04 0 1500001 3400000 C
04 0 3800001 3900000 C
04 0 5600001 25588944 C
04 1 1 400000 P
04 1 500001 1000000 P
04 1 1500001 3400000 M
04 1 3800001 3900000 M
04 1 5600001 25588944 M
05 0 1 24200000 C
05 0 24600001 43289288 C
05 1 1 24200000 M
05 1 24600001 43289288 M
06 0 1 12100000 C
06 0 12400001 18500000 C
06 1 1 12100000 M
06 1 12400001 18500000 M
07 0 1 2200000 C
07 0 3800001 21079565 C
07 1 1 2200000 P
07 1 3800001 21079565 M
08 0 1 8800000 C
08 0 9800001 21800000 C
08 0 21900001 24700000 C
08 1 1 8800000 P
08 1 9800001 21800000 P
08 1 21900001 24700000 P
09 0 1 1400000 C
09 0 1500001 2000000 C
09 0 2300001 4600000 C
09 0 12000001 14300000 C
09 0 28200001 31000000 C
09 1 1 1400000 P
09 1 1500001 2000000 P
09 1 2300001 4600000 M
09 1 12000001 14300000 P
09 1 28200001 31000000 M
