01 0 1 29070452 #c00000
01 1 1 29070452 #c00000
02 0 1 29511734 #c00000
02 1 1 29511734 #c00000
03 0 1 35020413 #c00000
03 1 1 35020413 #c00000
04 0 1 37105743 #c00000
04 1 1 37105743 #c00000
05 0 1 41853232 #c00000
05 1 1 41853232 #c00000
06 0 1 37593364 #c00000
06 1 1 37593364 #c00000
07 0 1 35028021 #c00000
07 1 1 35028021 #c00000
08 0 1 44889171 #c00000
08 1 1 44889171 #c00000
09 0 1 41306725 #c00000
09 1 1 41306725 #c00000
10 0 1 37674811 #c00000
10 1 1 37674811 #c00000
11 0 1 27954350 #c00000
11 1 1 27954350 #c00000
