01 0 1 3976684 g3
01 0 3976820 3976820 g7
01 0 3976826 3978106 g3
01 0 3978125 4052700 g7
01 0 4052721 4053175 g3
01 0 4053193 4053193 g7
01 0 4053231 4092566 g3
01 0 4092644 4141747 g7
01 0 4141768 4141852 g3
01 0 4141872 4152636 g7
01 0 4152646 4659871 g3
01 0 4659895 4683918 g7
01 0 4683967 4684867 g3
01 0 4685541 4692377 g7
01 0 4692457 29070452 g3
01 1 1 2088306 g2
01 1 2088316 2302321 g7
01 1 2302347 2315570 g3
01 1 2315586 2317917 g7
01 1 2317989 2317989 g3
01 1 2317993 2318539 g7
01 1 2319448 2336890 g3
01 1 2337190 2342213 g7
01 1 2342368 2342416 g3
01 1 2342441 2342712 g7
01 1 2342741 3786589 g3
01 1 3788563 3791830 g2
01 1 3791838 3823095 g3
01 1 3823200 3823608 g2
01 1 3831029 3832471 g3
01 1 3832837 3976684 g2
01 1 3976820 3976820 g7
01 1 3976826 3978106 g2
01 1 3978125 4052700 g7
01 1 4052721 4053175 g2
01 1 4053193 4053193 g7
01 1 4053231 4092566 g2
01 1 4092644 4141747 g7
01 1 4141768 4141852 g2
01 1 4141872 4152636 g7
01 1 4152646 4313522 g2
01 1 4315148 4427726 g3
01 1 4429871 4457410 g2
01 1 4457434 4458944 g3
01 1 4458957 4463677 g2
01 1 4463690 4467190 g3
01 1 4468803 4659871 g2
01 1 4659895 4683918 g7
01 1 4683967 4684867 g3
01 1 4685541 4692377 g7
01 1 4692457 4692457 g3
01 1 4692636 4694682 g2
01 1 4694691 4694754 g3
01 1 4694929 4695525 g2
01 1 4695580 4711726 g3
01 1 4714496 4724242 g2
01 1 4756333 5944100 g3
01 1 5944282 5950595 g7
01 1 5951090 5990979 g3
01 1 5991057 5993899 g7
01 1 6005473 6038568 g3
01 1 6038581 6038605 g7
01 1 6038619 29070452 g3
02 0 1 20805805 g3
02 0 20805922 21049330 g7
02 0 21049346 21050022 g3
02 0 21050030 21050269 g7
02 0 21050287 21085159 g3
02 0 21085213 21087055 g7
02 0 21087867 21087867 g3
02 0 21087894 21087894 g7
02 0 21087925 21089133 g3
02 0 21089269 21091288 g7
02 0 21091415 21091470 g3
02 0 21091577 21097221 g7
02 0 21097278 21098758 g3
02 0 21098764 21182446 g7
02 0 21182449 29511734 g3
02 1 1 20805805 g3
02 1 20805922 21049330 g7
02 1 21049346 21050022 g2
02 1 21050030 21050269 g7
02 1 21050287 21085159 g2
02 1 21085213 21087055 g7
02 1 21087867 21087867 g2
02 1 21087894 21087894 g7
02 1 21087925 21089133 g2
02 1 21089269 21091288 g7
02 1 21091415 21091470 g2
02 1 21091577 21097221 g7
02 1 21097278 21098758 g2
02 1 21098764 21182446 g7
02 1 21182449 21995855 g2
02 1 21995921 22008618 g3
02 1 22009304 22009307 g2
02 1 22009491 29511734 g3
03 0 1 981761 g3
03 0 981764 1043019 g2
03 0 1043142 1248892 g7
03 0 1248915 1286862 g3
03 0 1286867 1286867 g7
03 0 1287183 1287183 g3
03 0 1305934 1305949 g7
03 0 1305958 1308575 g3
03 0 1309355 1339199 g7
03 0 1339223 1339712 g3
03 0 1339781 1340942 g7
03 0 1341265 1341265 g3
03 0 1341319 1380994 g7
03 0 1381046 1384053 g3
03 0 1384069 1397071 g7
03 0 1397333 2122204 g3
03 0 2122208 2142900 g2
03 0 2142919 2434309 g3
03 0 2434314 2434314 g2
03 0 2435943 2506912 g3
03 0 2507261 2507822 g2
03 0 2507858 2751342 g3
03 0 2751420 2775257 g2
03 0 2775281 2775284 g3
03 0 2775434 2775872 g2
03 0 2775941 3135212 g3
03 0 3135227 3250577 g2
03 0 3250586 3338081 g3
03 0 3338265 3338265 g2
03 0 3338274 3338274 g3
03 0 3339153 4146906 g2
03 0 4146936 4147114 g7
03 0 4147156 4227211 g2
03 0 4227232 4228049 g7
03 0 4228053 4404538 g2
03 0 4404554 4453216 g7
03 0 4453231 4490147 g2
03 0 4490276 4490276 g3
03 0 4490284 4506356 g2
03 0 4506541 4570149 g3
03 0 4570372 4978154 g2
03 0 4978160 5130858 g7
03 0 5130874 5132513 g3
03 0 5132534 5132534 g7
03 0 5133918 5136767 g3
03 0 5138263 5176954 g7
03 0 5177726 5178688 g3
03 0 5179017 5179043 g7
03 0 5179168 5179168 g3
03 0 5179189 5768427 g7
03 0 5768499 5878900 g3
03 0 5878946 6005287 g7
03 0 6005350 24473644 g3
03 0 24473734 24652327 g2
03 0 24652422 24756135 g7
03 0 24756147 24757926 g3
03 0 24757935 25217432 g7
03 0 25217480 25229775 g3
03 0 25229779 25315114 g7
03 0 25315268 25335075 g3
03 0 25335165 25335165 g7
03 0 25365363 25365363 g3
03 0 25365469 25384644 g7
03 0 25385506 27570067 g3
03 0 27571629 27604285 g7
03 0 27604314 27604535 g2
03 0 27604553 27604849 g7
03 0 27604855 27605790 g2
03 0 27606333 27606452 g7
03 0 27606462 27606462 g2
03 0 27606839 27839462 g7
03 0 27839475 29350138 g2
03 0 29350145 29378221 g7
03 0 29380453 29528644 g3
03 0 29528658 29533294 g7
03 0 29533425 29533434 g3
03 0 29534236 29534540 g7
03 0 29534822 29535036 g3
03 0 29535758 29539649 g7
03 0 29539682 30533803 g3
03 0 30534175 30681746 g7
03 0 30681756 30688005 g3
03 0 30688018 30689052 g7
03 0 30703978 30714154 g3
03 0 30714195 30714738 g7
03 0 30714747 30864288 g3
03 0 30864326 30864326 g7
03 0 30865059 30865117 g3
03 0 30867518 30868680 g7
03 0 30868733 30868733 g3
03 0 30869067 30870316 g7
03 0 30870334 30870334 g3
03 0 30870340 30870687 g7
03 0 30882596 30882752 g3
03 0 30882807 30894208 g7
03 0 30894324 31533455 g3
03 0 31533479 31533857 g7
03 0 31573799 31689470 g3
03 0 31689485 31772102 g7
03 0 31772109 31774490 g2
03 0 31774610 31779623 g7
03 0 31780556 33252216 g2
03 0 33252382 33284173 g3
03 0 33284355 33289375 g2
03 0 33289402 33790804 g3
03 0 33790834 33832415 g2
03 0 33832454 33884727 g3
03 0 33884739 33885619 g7
03 0 33885628 33943247 g2
03 0 33943315 33960234 g3
03 0 33960264 34009291 g7
03 0 34009336 34400291 g2
03 0 34400326 34400461 g3
03 0 34400473 34400623 g2
03 0 34400639 34403171 g3
03 0 34421272 34430557 g2
03 0 34430744 34462053 g3
03 0 34462130 35020413 g2
03 1 1 4146906 g3
03 1 4146936 4147114 g7
03 1 4147156 4227211 g3
03 1 4227232 4228049 g7
03 1 4228053 4404538 g3
03 1 4404554 4453216 g7
03 1 4453231 31533455 g3
03 1 31533479 31533857 g7
03 1 31573799 31689470 g3
03 1 31689485 31772102 g7
03 1 31772109 31774490 g3
03 1 31774610 31779623 g7
03 1 31780556 33884727 g3
03 1 33884739 33885619 g7
03 1 33885628 33960234 g3
03 1 33960264 34009291 g7
03 1 34009336 35020413 g3
04 0 1 3299267 g3
04 0 3299283 3306707 g2
04 0 3306738 3333809 g3
04 0 3333815 4522459 g2
04 0 4522547 4522949 g7
04 0 4523014 4530816 g2
04 0 4530972 4530975 g3
04 0 4531035 4552343 g2
04 0 4552349 4552448 g3
04 0 4552454 4552454 g2
04 0 4552496 4553033 g3
04 0 4553086 4553123 g2
04 0 4553133 7270654 g3
04 0 7270854 7294798 g7
04 0 7294802 7294802 g3
04 0 7294816 7321083 g7
04 0 7321168 7321168 g3
04 0 7321542 7487239 g7
04 0 7488074 7488321 g3
04 0 7488354 7567834 g7
04 0 7567999 7908430 g3
04 0 7908452 7924346 g7
04 0 7925004 7967540 g3
04 0 7967612 8040999 g7
04 0 8041414 24476122 g3
04 0 24476142 24476142 g2
04 0 24524685 24524685 g3
04 0 24524781 24524781 g2
04 0 24524828 24525404 g3
04 0 24525495 24525620 g2
04 0 24525632 24525804 g3
04 0 24525882 24525882 g2
04 0 24525921 24652863 g3
04 0 24652867 24652867 g2
04 0 24652882 24742744 g3
04 0 24742807 25014376 g2
04 0 25017531 25017531 g7
04 0 25017548 25133556 g2
04 0 25135505 25135541 g3
04 0 25135666 25136191 g2
04 0 25136258 25255513 g3
04 0 25255518 25265142 g2
04 0 25268159 27963744 g3
04 0 27963812 27981621 g7
04 0 27981673 28014959 g3
04 0 28015882 28084030 g7
04 0 28085579 28141279 g2
04 0 28141288 28141575 g7
04 0 28141629 28224366 g2
04 0 28224370 28224999 g7
04 0 28225130 28225148 g2
04 0 28225154 28237335 g7
04 0 28238101 28238101 g2
04 0 28238203 28420435 g7
04 0 28420456 28422113 g3
04 0 28422203 28423109 g7
04 0 28423216 33438710 g3
04 0 33438905 33438905 g7
04 0 33438909 33438909 g3
04 0 33438951 33485612 g7
04 0 33485639 33486308 g3
04 0 33486536 33521283 g7
04 0 33521601 33527377 g3
04 0 33527387 33527403 g7
04 0 33527431 33610249 g3
04 0 33610373 33610582 g7
04 0 33618413 33618620 g3
04 0 33618624 33618682 g7
04 0 33618715 33618782 g3
04 0 33618802 33698152 g7
04 0 33699399 33778883 g3
04 0 33779062 33796363 g7
04 0 33796515 33796515 g3
04 0 33796530 33805219 g7
04 0 33805233 33828171 g3
04 0 33831474 33835392 g7
04 0 33835416 33836254 g3
04 0 33836257 33857389 g7
04 0 33862559 33862834 g3
04 0 33862866 34030665 g7
04 0 34030740 34030749 g3
04 0 34030775 34030953 g7
04 0 34030980 34030980 g3
04 0 34030991 34053858 g7
04 0 34053861 34177701 g3
04 0 34179766 34341057 g7
04 0 34341093 34341317 g3
04 0 34348724 34348724 g7
04 0 34349576 34349624 g3
04 0 34350286 34350286 g7
04 0 34350310 34393150 g3
04 0 34393180 34419207 g7
04 0 34419213 34881253 g3
04 0 34881333 34881333 g2
04 0 34881362 34881939 g3
04 0 34881949 34885461 g2
04 0 34886748 34969279 g3
04 0 34969991 34970043 g2
04 0 34970076 34970108 g3
04 0 34970122 34970457 g2
04 0 34972086 34972161 g3
04 0 34972224 35060737 g2
04 0 35060766 37105743 g3
04 1 1 25014376 g3
04 1 25017531 25017531 g7
04 1 25017548 27963744 g3
04 1 27963812 27981621 g7
04 1 27981673 28014959 g3
04 1 28015882 28084030 g7
04 1 28085579 28141279 g3
04 1 28141288 28141575 g7
04 1 28141629 28224366 g3
04 1 28224370 28224999 g7
04 1 28225130 28225148 g3
04 1 28225154 28237335 g7
04 1 28238101 28238101 g3
04 1 28238203 28420435 g7
04 1 28420456 28422113 g3
04 1 28422203 28423109 g7
04 1 28423216 37105743 g3
05 0 1 1243706 g3
05 0 1243711 1572670 g2
05 0 1572680 1698702 g3
05 0 1718342 2050914 g2
05 0 2050932 2133545 g3
05 0 2133553 2133724 g2
05 0 2133736 4506321 g3
05 0 4506338 4506662 g7
05 0 4508091 4544438 g3
05 0 4544474 4573059 g7
05 0 4573167 4742780 g3
05 0 4742925 6094924 g7
05 0 6095054 6095310 g3
05 0 6095436 6100285 g7
05 0 6100296 6124690 g3
05 0 6124705 6131778 g2
05 0 6131911 6132106 g3
05 0 6132133 6421952 g2
05 0 6421973 6421973 g3
05 0 6422938 6476435 g2
05 0 6476467 6476627 g3
05 0 6476645 7236502 g2
05 0 7236679 7267031 g3
05 0 7303071 7303071 g2
05 0 7303079 7303079 g3
05 0 7304917 7304917 g2
05 0 7304949 7321643 g3
05 0 7321737 7460067 g2
05 0 7460122 7460122 g3
05 0 7460233 7461035 g2
05 0 7461053 7461053 g3
05 0 7461936 7516373 g2
05 0 7518377 7518377 g3
05 0 7592033 7595523 g2
05 0 7595526 7689803 g3
05 0 7689821 7692869 g2
05 0 7692881 7833286 g3
05 0 7875463 7876461 g7
05 0 7876945 10203285 g3
05 0 10203396 10224852 g7
05 0 10225025 10225462 g3
05 0 10236329 10489993 g7
05 0 10490014 10564547 g2
05 0 10564984 10586546 g7
05 0 10587641 10587916 g2
05 0 10587935 10590985 g7
05 0 10592350 10592350 g2
05 0 10592373 10592373 g7
05 0 10592414 32995578 g2
05 0 32995605 32995854 g7
05 0 32995869 32996007 g3
05 0 32996160 33002145 g7
05 0 33002284 33043368 g3
05 0 33043428 33044213 g7
05 0 33044226 33044688 g3
05 0 33044712 33653575 g7
05 0 33653586 33931010 g3
05 0 33931239 34161420 g7
05 0 34162405 37805147 g3
05 0 37805171 37807550 g7
05 0 37807553 37809439 g3
05 0 37809485 37815330 g7
05 0 37815382 37815382 g3
05 0 37817542 38016469 g7
05 0 38016487 38347752 g3
05 0 38347849 38352767 g2
05 0 38365426 38485281 g3
05 0 38485423 38485520 g2
05 0 38485594 38492461 g3
05 0 38492515 38530138 g2
05 0 38530143 38531510 g3
05 0 38531522 38531736 g2
05 0 38531974 38536087 g3
05 0 38536112 38536112 g7
05 0 38536115 38536115 g3
05 0 38536261 38536731 g7
05 0 38536736 38539061 g3
05 0 38539115 38570784 g7
05 0 38570808 38628298 g2
05 0 38628302 38628302 g7
05 0 38628359 38632273 g2
05 0 38633326 38634509 g7
05 0 38634818 38731948 g2
05 0 38731982 38732204 g7
05 0 38740017 38740079 g2
05 0 38740089 38744896 g7
05 0 38745072 39529400 g2
05 0 39529428 39549526 g7
05 0 39551278 39617452 g2
05 0 39617745 39627261 g7
05 0 39627294 41853232 g3
05 1 1 37805147 g3
05 1 37805171 37807550 g7
05 1 37807553 37809439 g3
05 1 37809485 37815330 g7
05 1 37815382 37815382 g3
05 1 37817542 38016469 g7
05 1 38016487 38536087 g3
05 1 38536112 38536112 g7
05 1 38536115 38536115 g3
05 1 38536261 38536731 g7
05 1 38536736 38539061 g3
05 1 38539115 38570784 g7
05 1 38570808 38628298 g3
05 1 38628302 38628302 g7
05 1 38628359 38632273 g3
05 1 38633326 38634509 g7
05 1 38634818 38731948 g3
05 1 38731982 38732204 g7
05 1 38740017 38740079 g3
05 1 38740089 38744896 g7
05 1 38745072 41853232 g3
06 0 1 31742962 g3
06 0 31806736 32116463 g7
06 0 32116484 32308558 g3
06 0 32308585 32308585 g7
06 0 32308660 32318826 g3
06 0 32319012 32420527 g7
06 0 32420736 32535076 g3
06 0 32535223 32540878 g7
06 0 32540924 32551095 g3
06 0 32563483 32563762 g7
06 0 32563766 32563919 g3
06 0 32564004 32564877 g7
06 0 32564900 37593364 g3
06 1 1 1697595 g2
06 1 1697703 2250507 g3
06 1 2250510 2250510 g7
06 1 2255885 2427337 g3
06 1 2427343 2535724 g7
06 1 2535778 2535808 g3
06 1 2535973 2537242 g7
06 1 2537251 2692812 g3
06 1 2692815 2708583 g7
06 1 2708646 2708646 g3
06 1 2708739 2708823 g7
06 1 2708872 2751536 g3
06 1 2751589 2821843 g7
06 1 2821892 2822593 g3
06 1 2822638 2878902 g7
06 1 2962228 2962228 g3
06 1 2962313 2962325 g7
06 1 2962951 2963465 g3
06 1 2963498 2965619 g7
06 1 2965627 3573432 g3
06 1 3573465 3573479 g7
06 1 3574748 3589796 g3
06 1 3589966 3591057 g7
06 1 3591109 3635729 g3
06 1 3635756 3647856 g7
06 1 3647872 3774864 g3
06 1 3774876 3774995 g7
06 1 3775059 3775059 g3
06 1 3776751 3791374 g7
06 1 3791440 3791482 g3
06 1 3791486 3797173 g7
06 1 3797188 4201881 g3
06 1 4201944 4201944 g7
06 1 4201962 4202228 g3
06 1 4202258 4266445 g7
06 1 4266493 4266529 g2
06 1 4266570 4295375 g7
06 1 4295387 4299005 g2
06 1 4299015 4299291 g7
06 1 4299301 4670122 g3
06 1 4670129 4982407 g2
06 1 4982565 6658725 g3
06 1 6658801 7203205 g2
06 1 7203218 7203218 g3
06 1 7203295 7208346 g2
06 1 7208353 7278031 g3
06 1 7278592 7278592 g2
06 1 7278770 7278770 g3
06 1 7281182 7281182 g2
06 1 7281214 7281214 g3
06 1 7281416 7281456 g2
06 1 7281462 7281755 g3
06 1 7281837 7281837 g2
06 1 7281886 10839886 g3
06 1 10840028 11835688 g2
06 1 11837366 11838087 g7
06 1 11839594 11843622 g2
06 1 11843773 11866695 g7
06 1 11866732 11867579 g2
06 1 11867630 15402681 g3
06 1 15402705 15403153 g2
06 1 15403198 15403579 g3
06 1 15403773 15492833 g2
06 1 15492877 15493202 g3
06 1 15494004 15495816 g2
06 1 15495825 15731299 g3
06 1 15731416 15877090 g2
06 1 15879200 28966099 g3
06 1 28966108 29020668 g2
06 1 29020691 29020691 g3
06 1 29020706 30066520 g2
06 1 30067736 30075573 g3
06 1 30075617 30089081 g2
06 1 30089084 30089084 g3
06 1 30089094 30089138 g2
06 1 30089499 30089499 g3
06 1 30089504 30137203 g2
06 1 30137212 30137807 g3
06 1 30138592 30203306 g2
06 1 30203348 30203348 g3
06 1 30203743 30205589 g2
06 1 30205597 30205789 g3
06 1 30205810 30206152 g7
06 1 30206170 31742962 g3
06 1 31806736 32116463 g7
06 1 32116484 32308558 g2
06 1 32308585 32308585 g7
06 1 32308660 32318826 g2
06 1 32319012 32420527 g7
06 1 32420736 32535076 g2
06 1 32535223 32540878 g7
06 1 32540924 32551095 g2
06 1 32563483 32563762 g7
06 1 32563766 32563919 g2
06 1 32564004 32564877 g7
06 1 32564900 32941845 g2
06 1 32941950 34752672 g3
06 1 34752684 34752930 g7
06 1 34752966 34767472 g3
06 1 34767478 34767689 g7
06 1 34767904 34768776 g3
06 1 34768807 34895434 g7
06 1 34895449 34896944 g2
06 1 34896950 35332862 g7
06 1 35356614 35544621 g2
06 1 35544631 35585207 g7
06 1 35592575 35593326 g2
06 1 35593356 35620933 g7
06 1 35620936 35621076 g3
06 1 35621119 35621478 g7
06 1 35621499 35621499 g3
06 1 35621505 35621616 g7
06 1 35621643 36298384 g3
06 1 36298396 37593364 g2
07 0 1 35028021 g3
07 1 1 859588 g3
07 1 877132 877159 g7
07 1 877162 985531 g3
07 1 985702 1004743 g7
07 1 1004764 4398694 g3
07 1 4398757 4398829 g7
07 1 4398877 4481741 g3
07 1 4484788 4484788 g7
07 1 4484833 4484875 g3
07 1 4485793 4510011 g7
07 1 4510047 4511249 g3
07 1 4513333 4513600 g7
07 1 4513611 6707188 g3
07 1 6707192 6837191 g7
07 1 6837282 6845862 g3
07 1 6846095 6847142 g7
07 1 6847232 6931215 g3
07 1 6933106 6964561 g7
07 1 6964594 7096532 g3
07 1 7096833 7096863 g7
07 1 7097047 7118090 g2
07 1 7119674 7119674 g3
07 1 7121958 7482669 g2
07 1 7482782 7525116 g7
07 1 7525134 7682294 g2
07 1 7682853 7752495 g7
07 1 7752532 7752632 g2
07 1 7753015 7934213 g7
07 1 7934300 7938186 g3
07 1 7938202 7953968 g7
07 1 7954100 7955166 g3
07 1 7955190 7955190 g7
07 1 7955362 7955384 g3
07 1 7955489 7955518 g7
07 1 7955551 8012668 g3
07 1 8012925 8014738 g7
07 1 8015403 21736121 g3
07 1 21736221 21860585 g7
07 1 21932242 21932292 g3
07 1 21932298 21932298 g7
07 1 21932448 21933520 g3
07 1 21933638 22299462 g7
07 1 22299465 24941956 g3
07 1 24942007 24942100 g7
07 1 24942139 24942448 g3
07 1 24942466 24943319 g7
07 1 24943474 24943474 g3
07 1 24943612 24951221 g7
07 1 24951240 26833723 g3
07 1 26833728 26833728 g7
07 1 26833744 27252695 g3
07 1 27252716 27268444 g7
07 1 27293618 27293618 g3
07 1 27293669 27293742 g7
07 1 27293983 27296216 g3
07 1 27296226 27296292 g7
07 1 27296444 27376796 g3
07 1 27376841 27377613 g7
07 1 27377632 30875976 g3
07 1 30875998 30875998 g7
07 1 30876035 30876035 g3
07 1 30876049 30876368 g7
07 1 30876528 30993512 g2
07 1 30993762 30996263 g3
07 1 30996275 30997253 g7
07 1 30997259 30997259 g3
07 1 30997407 30998678 g7
07 1 30998681 31003867 g3
07 1 31003882 31082248 g7
07 1 31082290 31145985 g3
07 1 31146005 31157373 g2
07 1 31157378 31157704 g3
07 1 31157754 31332370 g2
07 1 31332617 31437640 g7
07 1 31437645 31537919 g3
07 1 31538207 31582881 g7
07 1 31582900 31582997 g3
07 1 31583003 31621567 g7
07 1 31621688 32110779 g3
07 1 32110805 32771430 g2
07 1 32771492 32774117 g3
07 1 32774120 33039924 g2
07 1 33039936 35028021 g3
08 0 1 1664370 g3
08 0 1664412 1664412 g7
08 0 1664415 1673332 g3
08 0 1673352 1732770 g7
08 0 1732790 1837161 g3
08 0 1837254 1837355 g7
08 0 1837359 2764619 g3
08 0 2764700 2821703 g7
08 0 2821769 3414476 g3
08 0 3414525 3492786 g7
08 0 3496301 3533001 g3
08 0 3533072 3586309 g7
08 0 3586465 3587777 g3
08 0 3587812 3588892 g7
08 0 3591185 3634903 g3
08 0 3635049 3640445 g7
08 0 3640452 3718738 g3
08 0 3726666 3727610 g7
08 0 3727614 3727624 g3
08 0 3727695 3734242 g7
08 0 3734271 3738933 g3
08 0 3772445 4086568 g7
08 0 4102736 4116875 g3
08 0 4117093 4478787 g7
08 0 4479471 44889171 g3
08 1 1 742953 g2
08 1 742990 743406 g7
08 1 743436 743697 g2
08 1 743820 743871 g7
08 1 743959 1437847 g2
08 1 1437866 1452976 g3
08 1 1453123 1454006 g2
08 1 1454145 1568533 g3
08 1 1568536 1568620 g2
08 1 1568648 1568794 g3
08 1 1568827 1661826 g2
08 1 1661831 1664370 g3
08 1 1664412 1664412 g7
08 1 1664415 1664415 g3
08 1 1665122 1673332 g2
08 1 1673352 1732770 g7
08 1 1732790 1837161 g3
08 1 1837254 1837355 g7
08 1 1837359 2764619 g3
08 1 2764700 2821703 g7
08 1 2821769 3341041 g2
08 1 3341056 3341580 g3
08 1 3341625 3341826 g2
08 1 3341838 3414476 g3
08 1 3414525 3492786 g7
08 1 3496301 3533001 g2
08 1 3533072 3586309 g7
08 1 3586465 3587777 g3
08 1 3587812 3588892 g7
08 1 3591185 3634316 g3
08 1 3634448 3634903 g2
08 1 3635049 3640445 g7
08 1 3640452 3718738 g3
08 1 3726666 3727610 g7
08 1 3727614 3727624 g3
08 1 3727695 3734242 g7
08 1 3734271 3738933 g2
08 1 3772445 4086568 g7
08 1 4102736 4116875 g2
08 1 4117093 4478787 g7
08 1 4479471 44889171 g3
09 0 1 2764573 g3
09 0 2764589 2801848 g7
09 0 2801855 2849276 g3
09 0 2852761 2853293 g7
09 0 2853312 2853813 g3
09 0 2854093 2908091 g7
09 0 2908096 2908173 g3
09 0 2908182 2951275 g7
09 0 2951751 2952943 g3
09 0 2952976 2953048 g7
09 0 2954891 2954942 g3
09 0 2955146 3037373 g7
09 0 3037404 3044198 g3
09 0 3084782 3206082 g7
09 0 3206085 39599622 g3
09 0 39599634 39724480 g7
09 0 39724502 39724678 g3
09 0 39724788 39725614 g7
09 0 39725760 39725945 g3
09 0 39725955 39725955 g7
09 0 39725963 41306725 g3
09 1 1 1347436 g3
09 1 1348515 2077225 g2
09 1 2077244 2077387 g7
09 1 2077504 2764573 g3
09 1 2764589 2801848 g7
09 1 2801855 2849276 g3
09 1 2852761 2853293 g7
09 1 2853312 2853813 g3
09 1 2854093 2908091 g7
09 1 2908096 2908173 g2
09 1 2908182 2951275 g7
09 1 2951751 2952943 g2
09 1 2952976 2953048 g7
09 1 2954891 2954942 g2
09 1 2955146 3037373 g7
09 1 3037404 3044198 g3
09 1 3084782 3206082 g7
09 1 3206085 34475519 g3
09 1 34475581 34475581 g7
09 1 34475594 37496522 g3
09 1 37496552 37534655 g7
09 1 37538916 37541946 g3
09 1 37541991 37541996 g7
09 1 37542027 38650871 g3
09 1 38650886 38650921 g2
09 1 38651251 38699256 g3
09 1 38699265 38699441 g2
09 1 38699475 38699512 g3
09 1 38699530 38969969 g2
09 1 38969979 38973481 g3
09 1 38973699 38973699 g2
09 1 38973849 39049507 g3
09 1 39049807 39052674 g2
09 1 39054625 39061942 g3
09 1 39061990 39113936 g2
09 1 39113992 39195344 g3
09 1 39196089 39246916 g2
09 1 39247051 39269910 g3
09 1 39269920 39599622 g2
09 1 39599634 39724480 g7
09 1 39724502 39724678 g3
09 1 39724788 39725614 g7
09 1 39725760 39725945 g3
09 1 39725955 39725955 g7
09 1 39725963 40490167 g3
09 1 40559514 40563190 g7
09 1 40563195 40579737 g3
09 1 40579741 40581076 g7
09 1 40581125 41306725 g3
10 0 1 25925505 g3
10 0 25925525 26125328 g7
10 0 26125372 26125534 g2
10 0 26125545 26144341 g7
10 0 26159473 26722138 g2
10 0 26722215 26768111 g3
10 0 26768260 26768260 g2
10 0 26768270 26783404 g3
10 0 26783440 26786429 g2
10 0 26787022 26787029 g3
10 0 26787303 26787315 g2
10 0 26788392 26818580 g3
10 0 26818640 27306215 g2
10 0 27306225 27307041 g7
10 0 27308361 27888517 g2
10 0 27888702 27888722 g3
10 0 27915000 27928663 g2
10 0 27932557 33433519 g3
10 0 33434990 34203286 g7
10 0 34203298 34203546 g3
10 0 34203643 34203988 g7
10 0 34205001 34205012 g3
10 0 34205094 34206730 g7
10 0 34206745 34300880 g3
10 0 34300887 34300887 g2
10 0 34301068 34301110 g3
10 0 34301131 34303554 g2
10 0 34303575 34303575 g3
10 0 34303659 34362093 g2
10 0 34362156 34362799 g3
10 0 34362828 34367514 g2
10 0 34367628 34428410 g3
10 0 34428423 34428423 g2
10 0 34428431 34437056 g3
10 0 34437066 35565753 g2
10 0 35565779 35620784 g7
10 0 35620887 35620887 g3
10 0 35620914 35830234 g7
10 0 35830330 35830339 g3
10 0 35831164 35831524 g7
10 0 35831618 37674811 g2
10 1 1 27306215 g3
10 1 27306225 27307041 g7
10 1 27308361 37674811 g3
11 0 1 1342818 g3
11 0 1343003 1343003 g7
11 0 1343048 1343048 g3
11 0 1343165 1456497 g7
11 0 1456530 1480785 g3
11 0 1480836 1480836 g7
11 0 1480843 1579853 g3
11 0 1579866 1589748 g7
11 0 1589753 27954350 g3
11 1 1 1342818 g3
11 1 1343003 1343003 g7
11 1 1343048 1343048 g2
11 1 1343165 1456497 g7
11 1 1456530 1480785 g2
11 1 1480836 1480836 g7
11 1 1480843 1579853 g2
11 1 1579866 1589748 g7
11 1 1589753 2257924 g2
11 1 2257944 2258599 g3
11 1 2258626 2260694 g2
11 1 2260707 2265522 g3
11 1 2265542 2266257 g2
11 1 2267314 2304094 g3
11 1 2304115 2928403 g2
11 1 2929406 2929897 g3
11 1 2929909 2949290 g2
11 1 2950613 2967319 g3
11 1 2967448 2970242 g2
11 1 2970270 2970276 g3
11 1 2970289 2995433 g2
11 1 2995447 4360514 g3
11 1 4360574 4390692 g7
11 1 4390761 4672792 g3
11 1 4675195 4686770 g7
11 1 4688653 5551656 g3
11 1 5551667 6358658 g7
11 1 6358670 6457265 g3
11 1 6457471 6458772 g7
11 1 6458820 6710460 g3
11 1 6710484 6710484 g7
11 1 6710541 9261737 g3
11 1 9261770 9261770 g7
11 1 9261824 9268743 g3
11 1 9268770 9278618 g7
11 1 9278627 12724869 g3
11 1 12724882 12910518 g7
11 1 12910525 21879553 g3
11 1 21880570 21920526 g7
11 1 21920543 21921640 g3
11 1 21924283 21925275 g7
11 1 21925810 21925984 g3
11 1 21926419 21970299 g7
11 1 21970334 22105698 g3
11 1 22105740 22715172 g7
11 1 22715226 22770811 g3
11 1 22770856 22770875 g7
11 1 22770887 24079789 g3
11 1 24079809 24105589 g7
11 1 24106474 24206390 g3
11 1 24207934 24207934 g7
11 1 24210909 24214239 g3
11 1 24214662 24214675 g7
11 1 24214727 24363418 g2
11 1 24363450 24376278 g7
11 1 24376311 24385290 g3
11 1 24385816 24388530 g7
11 1 24388538 24388694 g3
11 1 24388714 24399184 g7
11 1 24399196 24399196 g3
11 1 24399214 24399448 g7
11 1 24399454 24400350 g3
11 1 24400525 24402117 g7
11 1 24411900 24494473 g3
11 1 24497248 24723092 g7
11 1 24723106 24839150 g2
11 1 24839158 24839158 g7
11 1 24839169 24839312 g2
11 1 24839328 25332241 g7
11 1 25332376 25335947 g3
11 1 25335968 25362719 g7
11 1 25363485 27954350 g3