01 0 1 29070452 #1440cd
01 1 1 29070452 #1440cd
02 0 1 26847900 #1440cd
02 0 26847925 27116637 #00b009
02 0 27116752 27117564 #b4b4b4
02 0 27118346 27118861 #1440cd
02 0 27118878 27121446 #00b009
02 0 27121451 29511734 #1440cd
02 1 1 27116637 #1440cd
02 1 27116752 27117564 #b4b4b4
02 1 27118346 29511734 #1440cd
03 0 1 35020413 #1440cd
03 1 1 35020413 #1440cd
04 0 1 37105743 #1440cd
04 1 1 37105743 #1440cd
05 0 1 41853232 #1440cd
05 1 1 41853232 #1440cd
06 0 1 37593364 #1440cd
06 1 1 37593364 #1440cd
07 0 1 35028021 #1440cd
07 1 1 35028021 #1440cd
08 0 1 44889171 #1440cd
08 1 1 7025641 #1440cd
08 1 7025690 7041101 #b4b4b4
08 1 7047121 7055753 #1440cd
08 1 7057053 7185303 #b4b4b4
08 1 7185408 7187214 #1440cd
08 1 7187260 7187326 #b4b4b4
08 1 7187344 7187344 #1440cd
08 1 7187353 7245977 #b4b4b4
08 1 7245995 9444860 #1440cd
08 1 9444887 11249068 #b4b4b4
08 1 11249076 11272931 #1440cd
08 1 11273003 11273029 #b4b4b4
08 1 11273102 11287057 #1440cd
08 1 11287721 11288304 #b4b4b4
08 1 11288407 11288734 #1440cd
08 1 11288770 11288803 #b4b4b4
08 1 11289433 11335166 #1440cd
08 1 11336047 11336070 #b4b4b4
08 1 11337851 14814301 #1440cd
08 1 14814327 15001364 #b4b4b4
08 1 15001403 15001730 #1440cd
08 1 15001823 20525250 #b4b4b4
08 1 20525300 20778666 #1440cd
08 1 20778788 21219449 #b4b4b4
08 1 21631115 21631115 #1440cd
08 1 21631340 21631376 #b4b4b4
08 1 21631436 21635553 #1440cd
08 1 21809831 21810041 #b4b4b4
08 1 21872058 34457685 #1440cd
08 1 34457906 34476609 #b4b4b4
08 1 34476620 34909572 #1440cd
08 1 34909743 34909829 #b4b4b4
08 1 34941116 35298787 #1440cd
08 1 35298988 35299072 #00b009
08 1 35299078 35299078 #1440cd
08 1 35299102 39415068 #00b009
08 1 39415074 42787834 #1440cd
08 1 42788297 43272553 #b4b4b4
08 1 43272756 43299250 #1440cd
08 1 43299328 43324770 #b4b4b4
08 1 43324942 43405616 #1440cd
08 1 43405715 43512348 #b4b4b4
08 1 43512399 44889171 #1440cd
09 0 1 41306725 #1440cd
09 1 1 1206399 #1440cd
09 1 1206456 2073526 #b4b4b4
09 1 2073569 3936560 #00b009
09 1 3936611 3938792 #1440cd
09 1 3938879 3942080 #00b009
09 1 3942476 4260978 #1440cd
09 1 4265461 4265461 #00b009
09 1 4265624 4265624 #1440cd
09 1 4265678 4318729 #00b009
09 1 4318795 4318795 #1440cd
09 1 4319057 4349372 #00b009
09 1 4360280 4360280 #1440cd
09 1 4360562 4361813 #00b009
09 1 4361829 4371709 #1440cd
09 1 4371722 4632412 #00b009
09 1 4632469 4714731 #1440cd
09 1 4714761 4925221 #00b009
09 1 4925233 8505701 #1440cd
09 1 8505773 8530172 #c00000
09 1 8540058 8624444 #1440cd
09 1 8624459 8627881 #c00000
09 1 8627905 8639231 #1440cd
09 1 8639246 9516770 #c00000
09 1 9538640 41306725 #1440cd
10 0 1 37674811 #1440cd
10 1 1 21807041 #00b009
10 1 21807109 21877739 #b4b4b4
10 1 21878110 21929751 #1440cd
10 1 21931209 21974729 #b4b4b4
10 1 21981727 21981727 #1440cd
10 1 21981803 21981803 #b4b4b4
10 1 21982078 21982189 #1440cd
10 1 21982197 21982197 #b4b4b4
10 1 21982585 37674811 #1440cd
11 0 1 27954350 #1440cd
11 1 1 27954350 #1440cd
