01 0 1 546642 g3
01 0 546752 548523 g7
01 0 548577 548577 g3
01 0 548610 548670 g7
01 0 548712 574485 g3
01 0 574504 574504 g7
01 0 574515 578113 g3
01 0 578152 1161947 g7
01 0 1161962 1162078 g5
01 0 1162088 1162117 g7
01 0 1162139 1162883 g5
01 0 1162925 1167512 g7
01 0 1167536 1187222 g5
01 0 1187228 1187228 g7
01 0 1187261 1187516 g5
01 0 1187676 1187733 g7
01 0 1187751 1187913 g5
01 0 1187958 1202545 g7
01 0 1202563 1204213 g5
01 0 1251334 1371338 g7
01 0 1371396 1894137 g5
01 0 1897688 1898195 g7
01 0 1898422 1901220 g5
01 0 1901226 1901283 g7
01 0 1901352 1987391 g5
01 0 1987812 1988011 g3
01 0 1988120 1988120 g7
01 0 1988156 2074248 g3
01 0 2074251 2076815 g7
01 0 2076820 2088444 g5
01 0 2089640 2089703 g3
01 0 2092372 2092372 g7
01 0 2092382 2140836 g5
01 0 2140846 2289550 g3
01 0 2289564 2299457 g5
01 0 2302285 2316103 g3
01 0 2316146 2317333 g5
01 0 2317520 2342416 g3
01 0 2342441 2343652 g7
01 0 2344790 2344822 g3
01 0 2344847 2351643 g7
01 0 2352721 2352721 g3
01 0 2352893 2352928 g7
01 0 2352943 2354526 g3
01 0 2354667 2628106 g7
01 0 2628115 2698286 g5
01 0 2698310 2702477 g7
01 0 2785356 2785356 g5
01 0 2785426 2840511 g7
01 0 2840574 2840591 g5
01 0 2840763 2840763 g7
01 0 2840812 2841546 g5
01 0 2841558 3164635 g7
01 0 3164681 3175265 g5
01 0 3175275 3230597 g7
01 0 3230653 3230653 g5
01 0 3230700 3230700 g7
01 0 3235146 3279489 g5
01 0 3280790 3284531 g7
01 0 3284751 3284751 g5
01 0 3284906 3305776 g7
01 0 3305937 3309028 g5
01 0 3311953 3315451 g7
01 0 3329208 3588097 g5
01 0 3588100 3656236 g7
01 0 3656245 3973428 g5
01 0 3973440 3973490 g7
01 0 3973593 4657606 g5
01 0 4659871 4660048 g7
01 0 4660063 4988121 g5
01 0 4988374 5015229 g7
01 0 5015529 5015532 g5
01 0 5015606 5183650 g7
01 0 5183689 5218629 g3
01 0 5220379 5220695 g7
01 0 5221973 5716422 g3
01 0 5716504 6629517 g7
01 0 6629565 6629968 g3
01 0 6630132 6630165 g7
01 0 6630309 6630309 g3
01 0 6630315 6630343 g7
01 0 6630660 6630937 g3
01 0 6630952 6652506 g7
01 0 6652537 6665688 g3
01 0 6666993 7274102 g7
01 0 7274204 7350400 g5
01 0 7350407 7373153 g7
01 0 7373988 7374164 g5
01 0 7374172 7374535 g7
01 0 7374585 9396909 g5
01 0 9399374 9399374 g3
01 0 9399401 9403656 g5
01 0 9403693 9405849 g3
01 0 9407576 9420545 g5
01 0 9420562 9431156 g3
01 0 9431189 9431189 g5
01 0 9431241 9438706 g3
01 0 9438724 9438724 g5
01 0 9438727 9481667 g3
01 0 9482163 9503696 g5
01 0 9503737 9884169 g3
01 0 9884191 9904011 g5
01 0 9904023 9904023 g3
01 0 9904035 10146450 g5
01 0 10146461 10146673 g3
01 0 10147752 10148191 g5
01 0 10148196 10148865 g3
01 0 10148904 10149329 g5
01 0 10149341 10318306 g3
01 0 10318315 10318321 g5
01 0 10318531 10319461 g3
01 0 10319678 10319678 g5
01 0 10319691 10351239 g3
01 0 10351254 10351254 g5
01 0 10351259 10351259 g3
01 0 10351297 10445069 g5
01 0 10445072 10445693 g3
01 0 10445696 10446307 g7
01 0 10446327 10446327 g5
01 0 10446336 10487087 g7
01 0 10487091 10505400 g3
01 0 10505462 10506955 g7
01 0 10506970 10681260 g3
01 0 10681263 11378002 g7
01 0 11378110 13235566 g5
01 0 13235736 13236500 g3
01 0 13237962 13237962 g5
01 0 13240544 13252851 g7
01 0 13256189 13458762 g3
01 0 13458771 13463793 g7
01 0 13464102 14438494 g3
01 0 14438631 14438631 g7
01 0 14438642 14440237 g3
01 0 14441094 14443414 g7
01 0 14443439 14444201 g3
01 0 14444318 14444345 g7
01 0 14484487 14496696 g3
01 0 14496787 14496884 g7
01 0 14496945 14531266 g3
01 0 14531281 29070452 g7
01 1 1 29070452 g3
02 0 1 15138414 g3
02 0 15138461 15138461 g7
02 0 15139653 24715109 g3
02 0 24715175 24715466 g7
02 0 24715478 24715772 g3
02 0 24715805 24773645 g7
02 0 24774595 24851144 g3
02 0 24851307 24891635 g7
02 0 24891642 24891642 g3
02 0 24891655 24891655 g7
02 0 24891711 24891735 g3
02 0 24893275 24954490 g7
02 0 24954503 25233446 g3
02 0 25233613 26310734 g7
02 0 26311014 29511734 g3
02 1 1 14721514 g6
02 1 14721519 14721646 g7
02 1 14721838 14764721 g6
02 1 14764844 15020694 g7
02 1 15021360 15063779 g6
02 1 15063785 15065333 g7
02 1 15065391 15099273 g6
02 1 15099281 15101960 g7
02 1 15101969 16457384 g6
02 1 16457455 17473323 g7
02 1 17473332 17981910 g5
02 1 17982006 18054359 g7
02 1 18054522 18054736 g5
02 1 18054739 19699275 g7
02 1 19709607 19709607 g3
02 1 19709781 22515691 g7
02 1 22516376 22528719 g3
02 1 22528773 22604728 g7
02 1 22604902 22607150 g3
02 1 22607200 22827133 g7
02 1 22845400 22845400 g3
02 1 22845404 22906680 g7
02 1 22906757 22950610 g3
02 1 22951163 23117230 g7
02 1 23123811 23139479 g3
02 1 23139655 24326918 g7
02 1 24327924 27144115 g4
02 1 27146751 28757250 g3
02 1 28757289 29511734 g4
03 0 1 19374295 g4
03 0 19374469 20869470 g7
03 0 20869506 22142647 g4
03 0 22142660 22147250 g7
03 0 22147917 22148101 g4
03 0 22148274 23489925 g7
03 0 23489928 23490015 g6
03 0 23490118 23490370 g7
03 0 23490373 23513789 g6
03 0 23530066 23540547 g7
03 0 23540556 24464061 g6
03 0 24464072 24812154 g7
03 0 24812178 24812178 g6
03 0 24812182 28246721 g7
03 0 28247058 28248235 g4
03 0 28248452 28256895 g7
03 0 28256958 28281395 g4
03 0 28281453 28471357 g7
03 0 28471626 28471921 g4
03 0 28471933 28482573 g7
03 0 28482582 28511475 g4
03 0 28511509 28544000 g7
03 0 28544009 28544009 g4
03 0 28544066 28563976 g7
03 0 28564048 28564161 g4
03 0 28564173 28664387 g7
03 0 28664560 28665422 g4
03 0 28665433 28685577 g7
03 0 28685598 28692935 g4
03 0 28692992 28981441 g7
03 0 28981462 28994952 g4
03 0 28995033 28998453 g7
03 0 28998545 29054316 g4
03 0 29054455 29054460 g7
03 0 29055770 29058914 g4
03 0 29060431 29146355 g7
03 0 29146767 32495662 g4
03 0 32497043 35020413 g5
03 1 1 2569043 g3
03 1 2569326 3284140 g7
03 1 3284155 3302341 g3
03 1 3302468 3302747 g7
03 1 3302757 3560202 g3
03 1 3560232 3560232 g7
03 1 3561221 3564286 g3
03 1 3564486 4029776 g7
03 1 4029866 4030523 g3
03 1 4030600 4033792 g7
03 1 4034338 4238708 g3
03 1 4238762 6197496 g7
03 1 6197726 6199613 g3
03 1 6199627 6199837 g7
03 1 6199840 6547294 g3
03 1 6547297 6565380 g7
03 1 6566276 6599690 g3
03 1 6599711 6599769 g7
03 1 6599786 6605261 g3
03 1 6606004 6606828 g7
03 1 6606959 6658052 g3
03 1 6658123 6658843 g7
03 1 6658867 6659784 g3
03 1 6659790 6692921 g7
03 1 6692930 7377937 g3
03 1 7377980 7377980 g7
03 1 7379598 7380528 g3
03 1 7380672 7380672 g7
03 1 7380822 7380822 g3
03 1 7380830 7381129 g7
03 1 7381203 7381249 g3
03 1 7381360 7419966 g7
03 1 7419969 7457050 g3
03 1 7457142 7459757 g7
03 1 7459768 7540857 g3
03 1 7540877 7541021 g7
03 1 7541041 7563694 g3
03 1 7563720 7563930 g7
03 1 7563968 8106631 g3
03 1 8106655 8109155 g7
03 1 8109303 8305518 g3
03 1 8309614 8540426 g7
03 1 8540521 8540597 g3
03 1 8540635 8541394 g7
03 1 8541418 8541663 g3
03 1 8541698 8541894 g7
03 1 8541932 8881809 g3
03 1 8881833 8886012 g7
03 1 8886024 9879228 g3
03 1 9879298 9879298 g7
03 1 9879340 9929088 g3
03 1 9929097 9951647 g7
03 1 9951677 24565339 g3
03 1 24565344 24616262 g7
03 1 24616533 24761697 g3
03 1 24761838 24762241 g7
03 1 24762277 24762277 g3
03 1 24762697 24805675 g7
03 1 24806066 24812306 g3
03 1 24812319 25832163 g7
03 1 25832247 25832705 g3
03 1 25835254 26014204 g7
03 1 26016354 26037274 g3
03 1 26037307 26259506 g7
03 1 26262129 26266207 g3
03 1 26266228 26266381 g7
03 1 26266406 26266433 g3
03 1 26266443 26266460 g7
03 1 26266563 26277336 g3
03 1 26277369 26277369 g7
03 1 26277469 26541017 g3
03 1 26541034 26543976 g7
03 1 26544003 26544250 g3
03 1 26544579 26614961 g7
03 1 26614986 26646978 g3
03 1 26647038 26663925 g7
03 1 26663976 26803014 g3
03 1 26803021 26818103 g7
03 1 26818106 26963184 g3
03 1 26967551 27229876 g7
03 1 27230935 27231257 g3
03 1 27231515 28543527 g7
03 1 28543557 28674872 g3
03 1 28674883 28685404 g7
03 1 28685407 28995255 g3
03 1 28995336 29146804 g7
03 1 29146813 29190933 g3
03 1 29192403 29202726 g7
03 1 29202731 29266926 g3
03 1 29267749 29268740 g7
03 1 29268779 29269504 g3
03 1 29269534 29270201 g7
03 1 29270234 29270918 g3
03 1 29272260 29337270 g7
03 1 29337325 29337643 g3
03 1 29337700 29350198 g7
03 1 29350345 29368098 g3
03 1 29378221 29434397 g7
03 1 29434582 29434582 g3
03 1 29434623 29434706 g7
03 1 29435392 30519654 g3
03 1 30519672 30520339 g7
03 1 30520398 30520398 g3
03 1 30520497 30533688 g7
03 1 30533697 30533800 g3
03 1 30533803 31336648 g7
03 1 31336805 35020413 g3
04 0 1 5116411 g7
04 0 5116441 5153073 g5
04 0 5153141 5153310 g7
04 0 5154102 5155762 g5
04 0 5155868 5155893 g7
04 0 5155907 5171470 g5
04 0 5171474 5235762 g7
04 0 5235784 5255347 g5
04 0 5255378 5394723 g7
04 0 5398007 5713458 g5
04 0 5713464 5849587 g7
04 0 5849652 5948942 g5
04 0 5948952 5948952 g7
04 0 5949004 6025859 g5
04 0 6025871 6026285 g7
04 0 6056488 6065847 g5
04 0 6065853 6235574 g7
04 0 6235610 6235946 g5
04 0 6235952 6237383 g7
04 0 6237938 6239506 g5
04 0 6239510 6239510 g7
04 0 6239548 6244557 g5
04 0 6244780 6244780 g7
04 0 6244798 6244967 g5
04 0 6244974 10823446 g7
04 0 10823482 10827885 g4
04 0 10827916 10851257 g7
04 0 10851993 10871184 g4
04 0 10871190 10912640 g7
04 0 10912658 10914524 g4
04 0 10914690 10914711 g7
04 0 10914736 11525443 g4
04 0 11525476 15604205 g7
04 0 15604210 15610043 g4
04 0 15785674 15907705 g7
04 0 15907729 15907783 g4
04 0 15907938 17174673 g7
04 0 17174676 17230762 g4
04 0 17230793 17264234 g7
04 0 17277498 17277498 g4
04 0 17278157 17286108 g3
04 0 17286147 17287737 g4
04 0 17320933 17429329 g3
04 0 17429354 20007179 g4
04 0 20007193 20007762 g7
04 0 20007948 20008204 g4
04 0 20008209 20064644 g7
04 0 20064667 20151667 g4
04 0 20151682 22467985 g7
04 0 22468062 22468292 g3
04 0 22468300 22468300 g7
04 0 22468311 22468376 g3
04 0 22500229 22500242 g7
04 0 22500252 22521335 g3
04 0 22521391 22806484 g7
04 0 22806502 22998812 g3
04 0 22998817 26102900 g7
04 0 26102924 26107676 g3
04 0 26107686 26120888 g7
04 0 26120914 26264611 g3
04 0 26264651 26441295 g7
04 0 26441313 26827748 g3
04 0 26827754 26827754 g7
04 0 26828217 26831178 g3
04 0 26831192 27142592 g7
04 0 27144365 27144690 g3
04 0 27144698 27144870 g7
04 0 27145612 27147296 g3
04 0 27155249 27163517 g7
04 0 27163520 27789722 g3
04 0 27790053 28213044 g7
04 0 28213081 28225148 g3
04 0 28225154 28276856 g7
04 0 28276911 28278353 g3
04 0 28278368 29874985 g7
04 0 29875069 29911275 g3
04 0 29914565 29933492 g7
04 0 29948507 29990555 g3
04 0 29990726 29994746 g7
04 0 29996873 30033712 g3
04 0 30034233 30087227 g7
04 0 30111432 31814452 g3
04 0 31815796 31817448 g7
04 0 31817630 31818678 g3
04 0 31818694 31819531 g7
04 0 31819570 31819661 g3
04 0 31819800 31819994 g7
04 0 31820021 34531781 g3
04 0 34531978 34531997 g7
04 0 34534418 34534448 g3
04 0 34534644 34633339 g7
04 0 34633365 34633625 g3
04 0 34633685 34634041 g7
04 0 34634244 34645763 g3
04 0 34646227 34656378 g7
04 0 34656385 34656505 g3
04 0 34656585 34961612 g7
04 0 34961964 34962956 g3
04 0 34963001 34979405 g7
04 0 34979455 34979692 g3
04 0 34979752 34987926 g7
04 0 34991909 35129092 g3
04 0 35129134 35129342 g7
04 0 35129345 35143318 g3
04 0 35154925 35535808 g7
04 0 35535819 35536197 g3
04 0 35536203 35916989 g7
04 0 35917016 35917016 g3
04 0 35917163 35917277 g7
04 0 35917483 35955755 g3
04 0 35955770 35955776 g7
04 0 35955833 35955833 g3
04 0 35955848 35956869 g7
04 0 35957994 35958250 g3
04 0 35960704 35960731 g7
04 0 35960741 35963513 g3
04 0 35963523 37105743 g7
04 1 1 751577 g7
04 1 751899 881724 g3
04 1 881757 881814 g7
04 1 882227 882227 g3
04 1 882257 886480 g7
04 1 886632 886854 g3
04 1 886868 889638 g7
04 1 889665 1009197 g3
04 1 1009230 1009437 g7
04 1 1009630 1013756 g3
04 1 1016881 1020606 g7
04 1 1020684 1056485 g3
04 1 1056507 1056565 g7
04 1 1056594 1076104 g3
04 1 1076138 1076221 g7
04 1 1076233 1091901 g3
04 1 1092019 1092055 g7
04 1 1092070 1094149 g3
04 1 1094197 1094236 g7
04 1 1094272 1262386 g3
04 1 1262984 1262987 g7
04 1 1263023 1265281 g3
04 1 1265654 1265654 g7
04 1 1276965 1406323 g3
04 1 1406539 1660445 g7
04 1 1660454 1669464 g3
04 1 1669736 1669743 g7
04 1 1669756 1669808 g3
04 1 1669820 1669913 g7
04 1 1669923 1789240 g3
04 1 1791939 1831592 g7
04 1 1832088 1834867 g3
04 1 1834941 1922758 g7
04 1 1922804 1922804 g3
04 1 1922941 1922982 g7
04 1 1923018 2103883 g3
04 1 2104090 2104160 g7
04 1 2104170 2104170 g3
04 1 2104233 2104434 g7
04 1 2104452 2156740 g3
04 1 2159516 2372073 g7
04 1 2372398 2372398 g3
04 1 2474783 2475724 g7
04 1 2475731 2643776 g3
04 1 2643798 2644759 g7
04 1 2644765 3085475 g3
04 1 3085496 3088906 g7
04 1 3088982 3094145 g3
04 1 3094217 3277718 g7
04 1 3277730 3538144 g3
04 1 3539756 3540362 g7
04 1 3540369 3602792 g3
04 1 3602915 3634365 g7
04 1 3645425 3645425 g3
04 1 3645623 3720686 g7
04 1 3720706 3747381 g5
04 1 3747415 3747557 g7
04 1 3747725 3991145 g5
04 1 3992231 3994749 g7
04 1 3994758 4003241 g5
04 1 4003443 4005922 g7
04 1 4005940 4130795 g5
04 1 4130812 4255691 g7
04 1 4256268 4261892 g5
04 1 4261903 4426798 g7
04 1 4426944 4519013 g5
04 1 4519043 5075286 g7
04 1 5087598 37105743 g3
05 0 1 32997025 g3
05 0 32997028 36299128 g7
05 0 36299256 41853232 g3
05 1 1 3415662 g4
05 1 3417361 3417414 g7
05 1 3417422 3419491 g4
05 1 3419521 3422786 g7
05 1 3422821 4783316 g3
05 1 4783343 4918962 g7
05 1 4922442 5100685 g3
05 1 5100742 5100742 g7
05 1 5100769 5100769 g3
05 1 5100784 5135853 g7
05 1 5135863 5211513 g3
05 1 5211543 6399123 g7
05 1 6399162 6423160 g3
05 1 6425378 6444014 g7
05 1 6444035 6444224 g3
05 1 6444251 6479220 g7
05 1 6479235 6479697 g3
05 1 6480048 6480096 g7
05 1 6480213 6556937 g3
05 1 6557379 6557379 g7
05 1 6557385 6636854 g3
05 1 6637040 6637441 g7
05 1 6637445 6654570 g3
05 1 6654601 6654876 g7
05 1 6654916 6658679 g3
05 1 6658794 6659011 g7
05 1 6659039 6702396 g3
05 1 6702417 6702461 g7
05 1 6702474 6744711 g3
05 1 6744787 6756187 g7
05 1 6757107 6757107 g3
05 1 6757113 6757113 g7
05 1 6757120 6759404 g3
05 1 6759420 6759456 g7
05 1 6759477 6796593 g3
05 1 6796642 7909460 g7
05 1 7909483 7909483 g3
05 1 7909519 7909524 g7
05 1 7909638 8004154 g3
05 1 8005971 8181221 g7
05 1 8181240 8632699 g3
05 1 8632717 19142215 g7
05 1 19144084 33660407 g4
05 1 33660961 37383810 g7
05 1 37388106 38872508 g3
05 1 38872553 39081955 g7
05 1 39081962 39239329 g3
05 1 39239383 39290883 g7
05 1 39290923 39290994 g3
05 1 39291025 39688767 g7
05 1 39688778 40031278 g3
05 1 40031299 40031503 g7
05 1 40031510 40078040 g3
05 1 40078047 40110198 g7
05 1 40110234 40110251 g3
05 1 40113671 40116022 g7
05 1 40129102 40129260 g3
05 1 40129281 40129543 g7
05 1 40129554 40129596 g3
05 1 40129602 40134890 g7
05 1 40136295 40137443 g3
05 1 40137522 40137522 g7
05 1 40137539 40137725 g3
05 1 40137934 40262399 g7
05 1 40262517 40264632 g3
05 1 40264635 40264635 g7
05 1 40266117 40266117 g3
05 1 40271575 40271575 g7
05 1 40271890 40349524 g3
05 1 40349533 40427091 g7
05 1 40427172 40948180 g5
05 1 40948249 40948249 g7
05 1 40948267 40948336 g5
05 1 40948408 41853232 g7
06 0 1 14114006 g3
06 0 14114630 14114630 g7
06 0 14143303 14143303 g3
06 0 14143374 14175359 g7
06 0 14175386 14175546 g3
06 0 14175561 14196938 g7
06 0 14196963 14208078 g3
06 0 14208084 15174719 g7
06 0 15174722 15402681 g4
06 0 15402705 15402705 g7
06 0 15403153 15404318 g4
06 0 15414665 17460899 g7
06 0 17461209 17463874 g3
06 0 17463895 17464185 g7
06 0 17464222 29502314 g3
06 0 29502331 29578373 g7
06 0 29578396 29579376 g3
06 0 29579391 29579391 g7
06 0 29579560 29581417 g3
06 0 29581423 31028349 g7
06 0 31028399 34768776 g3
06 0 34768807 34815928 g7
06 0 34816069 34816213 g3
06 0 34863143 34863247 g7
06 0 34863277 34863325 g3
06 0 34863351 34897352 g7
06 0 34899301 34899573 g3
06 0 34899585 34906788 g7
06 0 34907070 34915965 g3
06 0 34916308 34917232 g7
06 0 34917282 34917282 g3
06 0 34917397 34917968 g7
06 0 34919237 34950416 g3
06 0 34950429 37593364 g7
06 1 1 1730021 g7
06 1 1730025 1752243 g3
06 1 1752440 1752467 g7
06 1 1752474 2047627 g3
06 1 2047657 4547878 g7
06 1 4547884 4562428 g3
06 1 4562654 4562654 g7
06 1 4589653 4589967 g3
06 1 4592465 4751032 g7
06 1 4751221 4751485 g3
06 1 4751575 4751597 g7
06 1 4751640 4751753 g3
06 1 4751770 4836254 g7
06 1 4836262 5446792 g3
06 1 5446804 5448509 g7
06 1 5448704 5619725 g3
06 1 5619845 5621898 g7
06 1 5621928 5778708 g3
06 1 5778718 5778718 g7
06 1 5781019 5781257 g3
06 1 5781263 5782502 g7
06 1 5782546 5884499 g6
06 1 5884580 5894302 g3
06 1 5894350 6687197 g6
06 1 6687258 6687610 g3
06 1 6687622 6836054 g6
06 1 6848815 6850310 g3
06 1 6850321 6853737 g6
06 1 6853791 6853857 g3
06 1 6853990 6854015 g6
06 1 6854023 6854101 g3
06 1 6856341 6858169 g6
06 1 6858181 7154860 g3
06 1 7155119 7166833 g6
06 1 7167141 7204287 g3
06 1 7204642 7208346 g6
06 1 7208353 7213963 g3
06 1 7213989 7213989 g6
06 1 7214814 7215735 g3
06 1 7215739 8391094 g6
06 1 8391151 10536023 g7
06 1 10536038 10537954 g3
06 1 10538032 10538032 g7
06 1 10539261 10545439 g3
06 1 10545455 11048286 g7
06 1 11048308 11048575 g5
06 1 11048586 11074079 g7
06 1 11074085 11124656 g5
06 1 11124670 11364570 g7
06 1 11364591 11364755 g5
06 1 11364828 11365533 g7
06 1 11365595 11365595 g5
06 1 11365652 11403185 g7
06 1 11406753 14742268 g5
06 1 14742316 15288416 g7
06 1 15288477 15288477 g3
06 1 15288678 15329094 g7
06 1 15329300 15329655 g3
06 1 15331479 22344229 g7
06 1 22344246 22346270 g3
06 1 22347256 24574452 g7
06 1 24574604 24698946 g5
06 1 24698952 24698952 g7
06 1 24699214 24699600 g5
06 1 24699603 24699672 g7
06 1 24699678 25253341 g5
06 1 25253422 29105856 g7
06 1 29121541 29122101 g5
06 1 29122137 29122169 g7
06 1 29146539 30207716 g5
06 1 30207770 30208790 g7
06 1 30209213 30292413 g5
06 1 30292495 31304141 g7
06 1 31304327 31361440 g6
06 1 31426251 31433451 g7
06 1 31433565 31433595 g6
06 1 31441604 31448723 g7
06 1 31449042 31559289 g6
06 1 31559405 31559405 g7
06 1 31559425 31652046 g6
06 1 31652067 32519647 g7
06 1 32519715 32534914 g4
06 1 32534959 32535036 g7
06 1 32535047 36922235 g4
06 1 36922242 37593364 g7
07 0 1 859588 g3
07 0 877132 983082 g7
07 0 983130 983130 g3
07 0 984392 985879 g7
07 0 985891 1001146 g3
07 0 1001502 1003017 g7
07 0 1003090 1003093 g3
07 0 1004725 1007598 g7
07 0 1007612 35028021 g3
07 1 1 1698798 g7
07 1 1698821 2967150 g3
07 1 2968397 2970618 g7
07 1 2970641 2972938 g3
07 1 2972992 3011103 g7
07 1 3011633 3013857 g3
07 1 3013887 3015018 g7
07 1 3015120 3015183 g3
07 1 3015190 3019503 g7
07 1 3020263 3020470 g3
07 1 3020563 3093718 g7
07 1 3093731 3093801 g3
07 1 3093817 3141047 g7
07 1 3141061 3244410 g3
07 1 3249783 3250106 g7
07 1 3250220 3250220 g3
07 1 3250226 3258129 g7
07 1 3258133 3286433 g3
07 1 3286442 3551011 g7
07 1 3552399 4020553 g3
07 1 4020582 4020781 g7
07 1 4020801 4029473 g3
07 1 4030110 4030110 g7
07 1 4030155 4032297 g3
07 1 4032370 4032370 g7
07 1 4032386 4048514 g3
07 1 4048546 4050162 g7
07 1 4050180 4067973 g3
07 1 4068194 4074030 g7
07 1 4090753 4211974 g3
07 1 4212130 5044321 g7
07 1 5044349 5363065 g5
07 1 5363083 5693815 g7
07 1 5693914 5693995 g5
07 1 5694009 5694093 g7
07 1 5694187 5694684 g5
07 1 5694687 5827820 g7
07 1 5828054 5830523 g3
07 1 5830536 5831032 g7
07 1 5831255 5834842 g3
07 1 5834893 5848566 g7
07 1 5848822 6191617 g3
07 1 6191641 7186536 g7
07 1 7186788 7186788 g3
07 1 7186939 7223558 g7
07 1 7223573 7225004 g3
07 1 7225028 7225122 g7
07 1 7225183 7252064 g3
07 1 7252072 7252096 g7
07 1 7254076 7269080 g3
07 1 7269139 7269294 g7
07 1 7269297 7271460 g3
07 1 7273204 7273213 g7
07 1 7273228 7273228 g3
07 1 7277208 7277208 g7
07 1 7277463 7287390 g3
07 1 7287516 7287516 g7
07 1 7287995 7294806 g3
07 1 7294827 7320439 g7
07 1 7320442 7321235 g3
07 1 7321247 7347689 g7
07 1 7347761 7347761 g3
07 1 7356872 7372681 g7
07 1 7372747 7374671 g3
07 1 7374674 7374869 g7
07 1 7374914 7383132 g3
07 1 7383159 7478781 g7
07 1 7478817 7526631 g3
07 1 7527843 7565887 g7
07 1 7565902 7567974 g3
07 1 7568035 7568035 g7
07 1 7568121 7645646 g3
07 1 7646967 7653807 g7
07 1 7653826 7663360 g3
07 1 7663381 8644335 g7
07 1 8644369 8687669 g5
07 1 8687865 8687865 g7
07 1 8687871 10411077 g5
07 1 10411096 10411099 g7
07 1 10415798 10415798 g5
07 1 10415831 10417607 g7
07 1 10442354 10467263 g5
07 1 10467270 10731183 g7
07 1 10732945 10733093 g5
07 1 10733107 10733177 g7
07 1 10733180 10878915 g5
07 1 10879017 10879329 g7
07 1 10879383 10990329 g5
07 1 10991949 10992094 g7
07 1 10992102 10992102 g5
07 1 10992237 11040249 g7
07 1 11040467 11286989 g5
07 1 11286997 11321391 g7
07 1 11321590 11324966 g5
07 1 11324996 11328080 g7
07 1 11336087 11336087 g5
07 1 11336273 11336298 g7
07 1 11336430 12481276 g5
07 1 12482702 12766771 g3
07 1 12766793 15151579 g5
07 1 15151613 15560776 g7
07 1 15561405 15561433 g5
07 1 15562400 15565920 g7
07 1 15565931 15565931 g5
07 1 15566476 27784866 g7
07 1 27784891 31583658 g5
07 1 31583709 31620224 g7
07 1 31620229 31621694 g5
07 1 31622143 32146325 g7
07 1 32146339 32146380 g6
07 1 32146675 32146684 g7
07 1 32146692 32926096 g6
07 1 32970211 33046948 g7
07 1 33046973 33047059 g6
07 1 33047068 33048356 g7
07 1 33048446 33092518 g6
07 1 33092530 33412683 g7
07 1 33412701 33568752 g4
07 1 33568770 33727768 g7
07 1 33766606 33766606 g6
07 1 33767026 33864969 g7
07 1 33864978 35028021 g3
08 0 1 1728869 g5
08 0 1729137 1730718 g7
08 0 1732770 1864749 g3
08 0 1869941 1870666 g7
08 0 1870813 2059457 g3
08 0 2059817 2087410 g7
08 0 2088839 2088839 g3
08 0 2088919 2131780 g7
08 0 2176505 2176624 g3
08 0 2176790 2176846 g7
08 0 2176895 3957752 g3
08 0 3957830 3957864 g7
08 0 3957878 4015391 g3
08 0 4015397 4039294 g7
08 0 4040354 4103154 g3
08 0 4103223 4103349 g7
08 0 4103355 4117093 g3
08 0 4117117 4311561 g7
08 0 4311732 7024727 g3
08 0 7024764 7580899 g7
08 0 7580939 7580939 g3
08 0 7581035 7612936 g7
08 0 7613807 9359475 g3
08 0 9359496 9359496 g7
08 0 9360001 9413093 g3
08 0 9435459 9438960 g7
08 0 9439005 9442593 g3
08 0 9442620 9608614 g7
08 0 9608662 35446423 g3
08 0 35446476 35446712 g7
08 0 35466060 35466081 g3
08 0 35466198 35753315 g7
08 0 35768015 44889171 g3
08 1 1 1732865 g7
08 1 1751228 1751388 g5
08 1 1753025 1753025 g7
08 1 1753098 1753181 g5
08 1 1769207 1790848 g7
08 1 1790948 1837095 g5
08 1 1837161 1837617 g7
08 1 1837644 1872312 g5
08 1 1872317 1880208 g7
08 1 1880241 1880301 g5
08 1 1880387 1913242 g7
08 1 1913260 1927389 g5
08 1 1927433 1959320 g7
08 1 1959325 2176899 g5
08 1 2176983 2177042 g7
08 1 2177234 2416700 g5
08 1 2416717 2429567 g7
08 1 2429606 2494485 g5
08 1 2494608 2496854 g7
08 1 2496871 2518883 g5
08 1 2524013 4311930 g7
08 1 4311957 6141960 g3
08 1 6142080 33864911 g7
08 1 33864924 33880116 g3
08 1 33880137 33880321 g7
08 1 33880450 33880450 g3
08 1 33880474 35187601 g7
08 1 35188289 39421831 g4
08 1 39421839 39639717 g7
08 1 39639980 40772682 g3
08 1 40772715 40774154 g7
08 1 40774214 40774214 g3
08 1 40775982 40788959 g7
08 1 40788965 40789091 g3
08 1 40789114 40789142 g7
08 1 40789261 40896662 g3
08 1 40896716 41016752 g7
08 1 41016916 41352866 g5
08 1 41352884 41353618 g7
08 1 41353882 41355124 g5
08 1 41355139 41561696 g7
08 1 41561744 41576619 g5
08 1 41580510 41688320 g7
08 1 41688323 42285837 g3
08 1 42287235 44889171 g7
09 0 1 666045 g7
09 0 666118 667093 g3
09 0 667221 683024 g7
09 0 683035 683035 g3
09 0 683251 686555 g7
09 0 686781 1347436 g3
09 0 1348515 1348515 g7
09 0 1351188 1356394 g3
09 0 1356428 2019426 g7
09 0 2019461 38372026 g3
09 0 38374068 40006017 g7
09 0 40006034 41306725 g3
09 1 1 2075213 g7
09 1 2075288 3936560 g4
09 1 3936611 3938792 g3
09 1 3938879 3942491 g4
09 1 3942495 3997817 g3
09 1 3997831 5195989 g4
09 1 5196001 5218456 g7
09 1 5218474 5252342 g4
09 1 5252397 5254417 g7
09 1 5254433 5254433 g4
09 1 5254446 5254963 g7
09 1 5255003 5255190 g4
09 1 5255194 5508741 g7
09 1 5508790 5517046 g4
09 1 5517105 5517369 g7
09 1 5517441 5621587 g4
09 1 5621609 6097549 g7
09 1 6097590 6425473 g4
09 1 6425548 6425693 g3
09 1 6425735 6758181 g4
09 1 6758678 6782860 g3
09 1 6814393 6942738 g4
09 1 6942769 6942769 g7
09 1 6942900 6943731 g4
09 1 6943938 6944086 g7
09 1 6944860 6944860 g3
09 1 6944884 6944991 g7
09 1 6945046 7292075 g3
09 1 7292220 7392522 g7
09 1 7392547 7393261 g3
09 1 7394782 7490307 g7
09 1 7490310 7720061 g3
09 1 7720137 7720137 g7
09 1 7720160 7721081 g3
09 1 7721317 8042151 g7
09 1 8042156 8042535 g6
09 1 8042568 8042790 g7
09 1 8042795 8043481 g6
09 1 8099978 8115840 g7
09 1 8116018 8127908 g6
09 1 8140696 8142585 g7
09 1 8143076 8148520 g6
09 1 8148685 8148916 g7
09 1 8148959 9848750 g6
09 1 9850315 9981405 g4
09 1 9981456 10047548 g7
09 1 10047555 10047993 g3
09 1 10048031 10048031 g7
09 1 10048272 10086274 g3
09 1 10086356 10288172 g7
09 1 10288199 10344854 g3
09 1 10344872 11313705 g7
09 1 11313714 12330887 g3
09 1 12330890 12331858 g7
09 1 12331867 12331879 g3
09 1 12331981 12381747 g7
09 1 12381772 12386327 g3
09 1 12386336 12407375 g7
09 1 12407447 12407822 g3
09 1 12407923 29945664 g7
09 1 29945688 29946040 g3
09 1 29946113 30316689 g7
09 1 30316724 30317340 g3
09 1 30317487 30319790 g7
09 1 30319823 32429103 g3
09 1 32429148 32429202 g7
09 1 32437755 32552915 g3
09 1 32552930 32826166 g7
09 1 32826206 32884366 g3
09 1 32886713 33052242 g7
09 1 33052245 33054418 g3
09 1 33088942 33088960 g7
09 1 33514757 33572021 g3
09 1 33572105 37897845 g7
09 1 37897878 40189881 g6
09 1 40190232 40368392 g7
09 1 40368396 41306725 g3
10 0 1 24260267 g3
10 0 24260279 24445749 g7
10 0 24445763 24445937 g3
10 0 24446072 24541479 g7
10 0 24541483 24541483 g3
10 0 24542582 24636327 g7
10 0 24637867 24639735 g3
10 0 24639742 25213407 g7
10 0 25213730 25219248 g3
10 0 25219278 25246770 g7
10 0 25246780 28950917 g3
10 0 28950934 29011444 g7
10 0 29011546 29274392 g3
10 0 29274406 29279337 g7
10 0 29279366 29283295 g3
10 0 29283301 29283301 g7
10 0 29283388 29483526 g3
10 0 29483556 29884850 g7
10 0 29884866 29928449 g3
10 0 29928526 30002480 g7
10 0 30003982 30450916 g3
10 0 30450992 30451042 g7
10 0 30451048 30451243 g3
10 0 30451276 30451276 g7
10 0 30451285 30538226 g3
10 0 30538469 31107728 g7
10 0 31108098 31139071 g3
10 0 31139080 31295426 g7
10 0 31295651 31302011 g3
10 0 31302070 31328755 g7
10 0 31329212 31334279 g3
10 0 31334450 31343971 g7
10 0 31344005 31629432 g3
10 0 31630895 31650477 g7
10 0 31650676 31654321 g3
10 0 31655279 31838954 g7
10 0 31864171 33423171 g3
10 0 33423283 33423283 g7
10 0 33423286 33441210 g3
10 0 33441219 34244754 g7
10 0 34244763 34281272 g3
10 0 34281278 34300753 g7
10 0 34300798 34300880 g3
10 0 34300887 34301110 g7
10 0 34301131 34303575 g3
10 0 34303659 34338879 g7
10 0 34348462 34349311 g3
10 0 34349320 34362767 g7
10 0 34362771 34362771 g3
10 0 34362799 37674811 g7
10 1 1 21837171 g4
10 1 21837188 21837391 g7
10 1 21837411 21837526 g4
10 1 21837568 21837568 g7
10 1 21837577 21878404 g4
10 1 21878467 22286812 g7
10 1 22286848 23301363 g3
10 1 23301402 24731173 g7
10 1 24731200 24731245 g5
10 1 24731398 24820274 g7
10 1 24820350 24861708 g5
10 1 24882682 24900086 g7
10 1 24900093 24995507 g5
10 1 24997656 24997922 g7
10 1 24997936 25002767 g5
10 1 25002776 25002791 g7
10 1 25003157 25063780 g5
10 1 25063788 25066289 g7
10 1 25066298 25116727 g5
10 1 25116743 25826323 g7
10 1 25826335 25838034 g5
10 1 25838057 25838094 g7
10 1 25838124 25838130 g5
10 1 25838178 26663741 g7
10 1 26663768 26664843 g5
10 1 26664949 26722263 g7
10 1 26722266 26722320 g5
10 1 26722344 26734791 g7
10 1 26734857 26737083 g5
10 1 26738406 26738552 g7
10 1 26738592 28533219 g5
10 1 28533273 28533300 g7
10 1 28533362 28568943 g5
10 1 28572197 28572284 g7
10 1 28572558 28600273 g5
10 1 28600307 28601437 g7
10 1 28601501 29225040 g5
10 1 29260925 29260925 g7
10 1 29260989 29261720 g5
10 1 29262040 29385940 g7
10 1 29386003 29589602 g5
10 1 29589711 29611602 g7
10 1 29611643 29651402 g5
10 1 29651526 29651570 g7
10 1 29651670 29678501 g5
10 1 29678512 29692574 g7
10 1 29692638 29693293 g5
10 1 29693347 29708497 g7
10 1 29708567 29708966 g5
10 1 29709050 29709050 g7
10 1 29709071 29710457 g5
10 1 29713404 29713423 g7
10 1 29713579 29714661 g5
10 1 29714676 31487492 g7
10 1 31487600 37674811 g4
11 0 1 26106456 g3
11 0 26106552 27954350 g7
11 1 1 549291 g3
11 1 549467 648266 g7
11 1 648287 654222 g3
11 1 654469 657173 g7
11 1 658391 918646 g3
11 1 919350 1069349 g7
11 1 1069367 1579853 g6
11 1 1579866 1579950 g7
11 1 1580004 1580004 g6
11 1 1580243 1866589 g7
11 1 1866619 1987126 g3
11 1 1987129 2160597 g7
11 1 2160624 2240540 g3
11 1 2240570 2258599 g7
11 1 2258626 2259277 g3
11 1 2259298 2259298 g7
11 1 2259304 2260686 g3
11 1 2260694 2589355 g7
11 1 2589484 5176860 g3
11 1 5176959 5177423 g7
11 1 5177466 5177480 g3
11 1 5177898 5354029 g7
11 1 5354078 5425573 g3
11 1 5425603 5949457 g7
11 1 5949465 6830396 g3
11 1 6830400 6830400 g7
11 1 6830418 7017954 g3
11 1 7018053 7287494 g7
11 1 7288394 7353063 g3
11 1 7447565 7473151 g7
11 1 8583559 21248734 g3
11 1 21248776 21248839 g7
11 1 21248911 21253339 g3
11 1 21253462 21258927 g7
11 1 21284981 21288308 g3
11 1 21288341 21352096 g7
11 1 21352477 24105478 g3
11 1 24105557 24106474 g7
11 1 24106566 24161219 g3
11 1 24161225 24161225 g7
11 1 24161261 24181629 g3
11 1 24181749 24181798 g7
11 1 24181808 24185469 g3
11 1 24185523 24187105 g7
11 1 24187123 24187123 g3
11 1 24187323 24187997 g7
11 1 24188012 24188012 g3
11 1 24188197 24912012 g7
11 1 24912015 24912282 g4
11 1 24912288 26415559 g7
11 1 26415580 26452242 g5
11 1 26452248 26452248 g7
11 1 26452291 26453269 g5
11 1 26453388 27954350 g7