01 0 1 29070452 #ffc000
01 1 1 29070452 #ffc000
02 0 1 29511734 #ffc000
02 1 1 23271797 #ffc000
02 1 23271806 23376121 #b4b4b4
02 1 23376235 23398314 #ffc000
02 1 23399137 23415685 #b4b4b4
02 1 23416289 23416373 #ffc000
02 1 23416424 23416457 #b4b4b4
02 1 23416717 23416727 #ffc000
02 1 23416733 23524001 #b4b4b4
02 1 23524014 23526216 #ffc000
02 1 23526430 23565791 #b4b4b4
02 1 23565881 26101472 #ffc000
02 1 26101490 26103248 #b4b4b4
02 1 26103299 26103299 #ffc000
02 1 26103710 26107816 #b4b4b4
02 1 26107917 26111111 #ffc000
02 1 26111142 26399455 #b4b4b4
02 1 26401860 26402035 #ffc000
02 1 26402073 26564923 #b4b4b4
02 1 26566803 26848209 #ffc000
02 1 26848286 26848661 #b4b4b4
02 1 26848667 26849921 #ffc000
02 1 26850079 26850301 #b4b4b4
02 1 26850328 26881261 #ffc000
02 1 26882072 26882072 #b4b4b4
02 1 26882682 26882682 #ffc000
02 1 26882795 26934169 #b4b4b4
02 1 26934188 26937474 #ffc000
02 1 26944665 26944665 #b4b4b4
02 1 26944688 29511734 #ffc000
03 0 1 35020413 #ffc000
03 1 1 35020413 #ffc000
04 0 1 37105743 #ffc000
04 1 1 37105743 #ffc000
05 0 1 41853232 #ffc000
05 1 1 38319856 #ffc000
05 1 38320019 38320019 #b4b4b4
05 1 38320025 38350360 #ffc000
05 1 38352767 38365655 #b4b4b4
05 1 38365778 38365795 #ffc000
05 1 38365798 38413452 #b4b4b4
05 1 38413470 38536731 #ffc000
05 1 38536736 38567745 #b4b4b4
05 1 38567803 38628244 #ffc000
05 1 38628251 38628484 #b4b4b4
05 1 38628490 38628737 #ffc000
05 1 38630633 38696193 #b4b4b4
05 1 38696201 38696201 #ffc000
05 1 38696409 38721176 #b4b4b4
05 1 38721240 38725185 #ffc000
05 1 38725198 38732204 #b4b4b4
05 1 38740017 38746111 #ffc000
05 1 38746132 38746390 #b4b4b4
05 1 38746405 38817177 #ffc000
05 1 38817222 38817256 #b4b4b4
05 1 38817273 38824432 #ffc000
05 1 38824494 38824510 #b4b4b4
05 1 38824515 41853232 #ffc000
06 0 1 37593364 #ffc000
06 1 1 1192420 #ffc000
06 1 1192429 1192429 #b4b4b4
06 1 1192453 1192516 #ffc000
06 1 1192555 1466357 #b4b4b4
06 1 1466366 1499383 #ffc000
06 1 1499485 1500374 #b4b4b4
06 1 1500711 37593364 #ffc000
07 0 1 35028021 #ffc000
07 1 1 31091238 #ffc000
07 1 31091268 31092145 #b4b4b4
07 1 31092158 35028021 #ffc000
08 0 1 44889171 #ffc000
08 1 1 6307711 #ffc000
08 1 6307788 6308014 #b4b4b4
08 1 6318820 42806222 #ffc000
08 1 42806271 42866592 #b4b4b4
08 1 42867110 44889171 #ffc000
09 0 1 40052526 #ffc000
09 0 40052535 40052556 #b4b4b4
09 0 40052559 40056060 #ffc000
09 0 40056079 40056092 #b4b4b4
09 0 40056255 41306725 #ffc000
09 1 1 41306725 #ffc000
10 0 1 26590411 #ffc000
10 0 26590414 26603887 #b4b4b4
10 0 26603951 26619127 #ffc000
10 0 26641872 26655313 #b4b4b4
10 0 26655518 26655518 #ffc000
10 0 26655521 26663669 #b4b4b4
10 0 26663741 26663741 #ffc000
10 0 26663768 26664190 #b4b4b4
10 0 26664197 37674811 #ffc000
10 1 1 37674811 #ffc000
11 0 1 27954350 #ffc000
11 1 1 27954350 #ffc000
