01 0 1 11100000 M
01 0 13300001 28800000 M
01 1 1 11100000 M
01 1 13300001 28800000 M
02 0 1 29900000 M
02 0 30300001 34100000 M
02 1 1 29900000 M
02 1 30300001 34100000 M
03 0 3300001 51000000 M
03 1 3300001 51000000 M
04 0 1 7100000 M
04 0 10700001 25588944 M
04 1 1 7100000 M
04 1 10700001 25588944 M
05 0 1 43289288 M
05 1 1 43289288 M
06 0 1 18500000 M
06 1 1 18500000 M
07 0 1 21079565 M
07 1 1 21079565 M
08 0 1 16700000 M
08 0 20300001 25000000 M
08 1 1 16700000 M
08 1 20300001 25000000 M
09 0 1 31000000 M
09 1 1 31000000 M
