01 0 1 20887 un
01 0 20888 28733184 AA
01 0 28733185 29070452 un
01 1 1 20887 un
01 1 20888 239399 AA
01 1 811010 811010 un
01 1 1362898 1906089 AA
01 1 2567477 3197933 un
01 1 4173136 9590438 AA
01 1 10094099 10094099 un
01 1 10722871 25772061 AA
01 1 27050880 27050880 un
01 1 27606535 28733184 AA
01 1 28733185 29070452 un
01 2 1 20887 un
01 2 20888 28733184 BB
01 2 28733185 29070452 un
02 0 1 2432379 un
02 0 2432380 18752459 AA
02 0 19239484 19239484 un
02 0 19755443 20755621 AA
02 0 21519961 21519961 un
02 0 21910480 21910480 AA
02 0 22800397 22800397 un
02 0 23192440 23916111 AA
02 0 24445272 24445272 un
02 0 25005046 27101663 AA
02 0 27667672 27667672 un
02 0 27984952 29438438 AA
02 0 29438439 29511734 un
02 1 1 2432379 un
02 1 2432380 29438438 BB
02 1 29438439 29511734 un
02 2 1 2432379 un
02 2 2432380 29438438 AA
02 2 29438439 29511734 un
03 0 1 108193 un
03 0 108194 35001189 AA
03 0 35001190 35020413 un
03 1 1 108193 un
03 1 108194 32377710 BB
03 1 33328899 33328899 AA
03 1 33788225 33788225 un
03 1 34550782 35001189 AA
03 1 35001190 35020413 un
03 2 1 108193 un
03 2 108194 1876315 AA
03 2 2710142 2710142 un
03 2 3138399 9509820 AA
03 2 10858946 10858946 un
03 2 14514391 27545546 AA
03 2 28369185 28369185 un
03 2 29356688 35001189 AA
03 2 35001190 35020413 un
04 0 1 40986 un
04 0 40987 6254371 AA
04 0 6744708 6744708 un
04 0 7425806 23743776 AA
04 0 24227771 24227771 un
04 0 25567953 26927784 BB
04 0 28030124 28030124 un
04 0 29136688 37039672 AA
04 0 37039673 37105743 un
04 1 1 40986 un
04 1 40987 37039672 AA
04 1 37039673 37105743 un
04 2 1 40986 un
04 2 40987 32795708 BB
04 2 33610105 37039672 AA
04 2 37039673 37105743 un
05 0 1 41268 un
05 0 41269 427708 un
05 0 1168548 5312011 AA
05 0 5936056 5936056 un
05 0 6362505 6362505 AA
05 0 7459977 7459977 un
05 0 7914193 18254950 AA
05 0 19873567 19873567 un
05 0 22097888 39345400 AA
05 0 39786675 39786675 un
05 0 40718428 41639902 AA
05 0 41639903 41853232 un
05 1 1 41268 un
05 1 41269 41639902 BB
05 1 41639903 41853232 un
05 2 1 41268 un
05 2 41269 41639902 AA
05 2 41639903 41853232 un
06 0 1 110593 un
06 0 110594 1707287 AA
06 0 2390999 2390999 un
06 0 3203111 12283117 AA
06 0 13208791 13208791 un
06 0 15286451 16365558 AA
06 0 18998396 18998396 un
06 0 21576178 37576547 AA
06 0 37576548 37593364 un
06 1 1 110593 un
06 1 110594 37576547 AA
06 1 37576548 37593364 un
06 2 1 110593 un
06 2 110594 37576547 BB
06 2 37576548 37593364 un
07 0 1 105118 un
07 0 105119 35010947 BB
07 0 35010948 35028021 un
07 1 1 105118 un
07 1 105119 35010947 AA
07 1 35010948 35028021 un
07 2 1 105118 un
07 2 105119 583057 BB
07 2 1274285 1274285 un
07 2 2132727 2665345 BB
07 2 3149788 3149788 un
07 2 4003703 5684302 BB
07 2 6444105 6444105 un
07 2 7195205 7947526 BB
07 2 8409660 9879303 un
07 2 10541075 10541075 BB
07 2 12058907 35010947 AA
07 2 35010948 35028021 un
08 0 1 60354 un
08 0 60355 44859922 AA
08 0 44859923 44889171 un
08 1 1 60354 un
08 1 60355 44859922 BB
08 1 44859923 44889171 un
08 2 1 60354 un
08 2 60355 10349814 AA
08 2 12471201 12471201 un
08 2 15337007 43575651 AA
08 2 44154306 44859922 un
08 2 44859923 44889171 un
09 0 1 51112 un
09 0 51113 306207 BB
09 0 840894 840894 un
09 0 1347436 1347436 BB
09 0 2184628 4466518 AA
09 0 5191192 5191192 BB
09 0 5873903 5873903 un
09 0 6807569 6807569 BB
09 0 7607269 7607269 un
09 0 8404044 8978803 AA
09 0 9478004 9478004 un
09 0 10055016 11532209 AA
09 0 12477136 12477136 un
09 0 14649356 14649356 AA
09 0 18277553 18277553 un
09 0 22829177 30386229 AA
09 0 32507044 32507044 un
09 0 34393502 41240283 AA
09 0 41240284 41306725 un
09 1 1 51112 un
09 1 51113 41240283 AA
09 1 41240284 41306725 un
09 2 1 51112 un
09 2 51113 2184628 BB
09 2 2617154 3989976 AA
09 2 4466518 4466518 un
09 2 5191192 41240283 BB
09 2 41240284 41306725 un
10 0 1 601909 un
10 0 601910 37665347 BB
10 0 37665348 37674811 un
10 1 1 601909 un
10 1 601910 5089046 AA
10 1 7950414 7950414 un
10 1 11666619 23527714 AA
10 1 24476348 24476348 un
10 1 25315738 29902356 AA
10 1 30582285 30582285 un
10 1 31070931 37665347 AA
10 1 37665348 37674811 un
10 2 1 601909 un
10 2 601910 37665347 AA
10 2 37665348 37674811 un
11 0 1 182112 un
11 0 182113 1368491 AA
11 0 1931174 1931174 un
11 0 3048353 27913438 BB
11 0 27913439 27954350 un
11 1 1 182112 un
11 1 182113 27913438 AA
11 1 27913439 27954350 un
11 2 1 182112 un
11 2 182113 12908573 AA
11 2 16076977 16076977 un
11 2 16927210 18889293 AA
11 2 20436016 20436016 un
11 2 20952550 27913438 AA
11 2 27913439 27954350 un
