01 0 1 29070452 #9a029a
01 1 1 29070452 #9a029a
02 0 1 18626118 #9a029a
02 0 18626121 18644839 #1440cd
02 0 18644848 18646815 #9a029a
02 0 18646943 18655016 #1440cd
02 0 18656269 29511734 #9a029a
02 1 1 29511734 #9a029a
03 0 1 35020413 #9a029a
03 1 1 2656383 #9a029a
03 1 2656989 24067553 #00b009
03 1 24067615 24144856 #b4b4b4
03 1 24154946 28995033 #9a029a
03 1 28995041 29189818 #b4b4b4
03 1 29190633 29190633 #00b009
03 1 29190871 29190911 #b4b4b4
03 1 29190933 32431467 #00b009
03 1 32431608 35020413 #9a029a
04 0 1 37105743 #9a029a
04 1 1 10814959 #9a029a
04 1 10814980 10814980 #b4b4b4
04 1 10815042 10815254 #9a029a
04 1 10815269 10852421 #b4b4b4
04 1 10852424 10871184 #00b009
04 1 10871190 10912640 #b4b4b4
04 1 10912658 10914524 #00b009
04 1 10914690 10914711 #b4b4b4
04 1 10914736 11525488 #00b009
04 1 11525583 11568377 #b4b4b4
04 1 11572225 11595434 #00b009
04 1 11595447 14923945 #b4b4b4
04 1 14931205 18898494 #00b009
04 1 18898687 18903476 #b4b4b4
04 1 18903483 18915765 #00b009
04 1 18915810 20152001 #b4b4b4
04 1 20223870 37105743 #9a029a
05 0 1 3538633 #9a029a
05 0 3538737 3694820 #b4b4b4
05 0 3697038 8666829 #00b009
05 0 8667085 8833815 #b4b4b4
05 0 8833887 33565047 #00b009
05 0 33565573 33565608 #b4b4b4
05 0 33565618 37161165 #9a029a
05 0 37161189 37879350 #00b009
05 0 37880582 38740017 #9a029a
05 0 38740079 40027454 #00b009
05 0 40027478 40078047 #b4b4b4
05 0 40078065 41853232 #9a029a
05 1 1 41853232 #9a029a
06 0 1 37593364 #9a029a
06 1 1 37593364 #9a029a
07 0 1 35028021 #9a029a
07 1 1 35028021 #9a029a
08 0 1 44889171 #9a029a
08 1 1 34942294 #9a029a
08 1 34942451 35187535 #b4b4b4
08 1 35187601 36924660 #00b009
08 1 36925792 37018045 #b4b4b4
08 1 37018180 44889171 #9a029a
09 0 1 1681594 #9a029a
09 0 1681738 2001304 #b4b4b4
09 0 2001322 6352947 #00b009
09 0 6352998 13246676 #9a029a
09 0 13246724 17246700 #b4b4b4
09 0 17246725 37674811 #00b009
09 0 37674841 37971640 #b4b4b4
09 0 37971645 38779749 #9a029a
09 0 38779788 40057034 #00b009
09 0 40057052 40315012 #b4b4b4
09 0 40348824 40351493 #00b009
09 0 40351502 40368274 #b4b4b4
09 0 40368392 41306725 #00b009
09 1 1 41306725 #9a029a
10 0 1 31559966 #9a029a
10 0 31559990 37674811 #00b009
10 1 1 37674811 #9a029a
11 0 1 27954350 #9a029a
11 1 1 3797818 #9a029a
11 1 3797850 3821153 #b4b4b4
11 1 3821174 24107424 #00b009
11 1 24107502 24185469 #b4b4b4
11 1 24185523 25908207 #00b009
11 1 25908696 27954350 #9a029a
