chr	haplotype	start	end	ancestral_group
01 0 1 29070452 g2
01 1 1 29070452 g2
02 0 1 21091231 g2
02 0 21091278 21091448 g7
02 0 21091458 21091458 g2
02 0 21091461 21259890 g7
02 0 21260056 21488208 g2
02 0 21488214 21510900 g7
02 0 21511458 21511578 g2
02 0 21513595 21513595 g7
02 0 21513820 21514403 g2
02 0 21514430 21593800 g7
02 0 21609554 21613715 g2
02 0 21613721 21613721 g7
02 0 21615775 29511734 g2
02 1 1 29511734 g2
03 0 1 35020413 g2
03 1 1 35020413 g2
04 0 1 11944879 g2
04 0 11945024 12013801 g7
04 0 12013880 12014080 g2
04 0 12014116 14678446 g7
04 0 14680246 37105743 g2
04 1 1 37105743 g2
05 0 1 2173362 g2
05 0 2173377 2173393 g7
05 0 2216593 2216635 g2
05 0 2219852 2282834 g7
05 0 2283004 2352683 g2
05 0 2352744 2410195 g7
05 0 2410259 2419922 g2
05 0 2420217 2461110 g7
05 0 2461592 2469677 g2
05 0 2469694 2540340 g7
05 0 2540394 2542399 g2
05 0 2542697 2542850 g7
05 0 2542855 2549587 g2
05 0 2549603 2571203 g7
05 0 2571290 41853232 g2
05 1 1 41853232 g2
06 0 1 37593364 g2
06 1 1 37593364 g2
07 0 1 35028021 g2
07 1 1 35028021 g2
08 0 1 44889171 g2
08 1 1 44889171 g2
09 0 1 41306725 g2
09 1 1 41306725 g2
10 0 1 37674811 g2
10 1 1 37674811 g2
11 0 1 19534226 g2
11 0 19534266 19641736 g7
11 0 19641775 27954350 g2
11 1 1 27954350 g2