chr	start	end	AA	BB
chr01	20888	548563	0.4738155308979999	0.5201880625897147
chr01	558457	811010	0.5543940144024696	0.45195652604349
chr01	823679	1271156	0.542347822694582	0.4758262224403224
chr01	1271180	1611989	0.602274022709966	0.40973633311865665
chr01	1619700	1763688	0.5057617542444873	0.5477708103954462
chr01	1828424	2379408	0.4896017474591959	0.48599523047635607
chr01	2426011	2789872	0.48364293055540536	0.5098018292622446
chr01	2818829	3220983	0.41493325862766284	0.5918512774914547
chr01	3244703	3732616	0.4752970871238955	0.5216517592415799
chr01	3732624	4262755	0.5696865739062678	0.4587677356224283
chr01	4269595	4892524	0.4716727226391596	0.48353849849241226
chr01	4892547	5588578	0.48357682682380965	0.5070497795305854
chr01	5588599	5966875	0.6075076960635468	0.3967135445569562
chr01	5967200	6351058	0.46639997057475213	0.5233951740049035
chr01	6387642	6834959	0.5432255632890021	0.44950579065859836
chr01	6840051	7288591	0.5324314917250361	0.436293113646605
chr01	7294304	7976894	0.5591646267249499	0.45214678169138856
chr01	8024192	8326595	0.43519403873053675	0.5763914355842884
chr01	8331208	8958133	0.5417521507120574	0.4584298613481758
chr01	8958150	9361823	0.49306036089352795	0.5099969572615687
chr01	9365403	9802157	0.4887595971232053	0.5364209430788419
chr01	9835063	10059226	0.5248383324754177	0.47507831220816077
chr01	10059236	10318010	0.5095899122106138	0.4901277243287985
chr01	10318041	10875119	0.49497540392489536	0.4772999883230865
chr01	10898409	11121892	0.5139801738860814	0.5030740016621804
chr01	11121902	11681985	0.4927936686907431	0.4990532641748899
chr01	11729613	12402135	0.5236005059681977	0.4761610587320432
chr01	12439606	12695102	0.5205266940873499	0.46099675970709453
chr01	12756547	13640972	0.480633620381954	0.5761268966860541
chr01	13687732	14226725	0.49202562807699385	0.5065296717158214
chr01	14261385	14882065	0.5272652261843519	0.4622124676355312
chr01	15174475	16511019	0.48482961239513106	0.5065426321696204
chr01	16543119	18970663	0.5114290474491526	0.46225913159697635
chr01	19061815	20312525	0.5099458092873062	0.47009007190157015
chr01	20346581	21301183	0.4425164096777459	0.5799341899377264
chr01	21343343	24094259	0.5035153131487846	0.440667047554436
chr01	24307480	25813882	0.4693098791492399	0.5073119468415064
chr01	25850956	26563987	0.5212969884637477	0.48006327826796336
chr01	26582780	28960403	0.49397409335540776	0.5038019916522987
chr01	28960404	28960423	0.4460129593531039	0.5591468189532893
chr02	1560259	6345560	0.4576835191247853	0.5641750629075102
chr02	6345568	9177989	0.49078001026518053	0.5106420058605937
chr02	9289706	9951097	0.4776674920308249	0.4754857904642288
chr02	10061053	12466799	0.4880991536267637	0.5127255155494939
chr02	12801349	13769586	0.47023267292489157	0.5366002979915812
chr02	13769724	14554686	0.5522418517902625	0.44992624976926593
chr02	14554743	15278572	0.5104879290372955	0.47013534663552686
chr02	15278590	15701147	0.5454380146837153	0.4518499842035851
chr02	15701169	16419286	0.5058552215753142	0.47114939349734913
chr02	16419338	17016668	0.5102770677164921	0.50637580113869
chr02	17019122	17474153	0.48847091349895805	0.4413837980850843
chr02	17474186	17836284	0.5333119515709246	0.4735430893272062
chr02	17862233	18236293	0.4970659928476925	0.5046627135462206
chr02	18257717	18771477	0.49751490287147054	0.49129663844368077
chr02	18771498	19128217	0.4587090832464612	0.4880122726638076
chr02	19149817	19631935	0.4740649709160396	0.5466983313764798
chr02	19631991	20041573	0.4978238414093179	0.5046720335541905
chr02	20041579	20482459	0.5273822458005928	0.48525324566425265
chr02	20487004	20790423	0.49378996940489905	0.5126129795729526
chr02	20822757	21214668	0.5067199694280836	0.4996006666335487
chr02	21307913	21796598	0.4920260991764856	0.4741335415865215
chr02	21829910	22303538	0.5891130161957515	0.4467310965279692
chr02	22320832	22852878	0.45364547253021553	0.5572586783807262
chr02	22858670	23212471	0.5632409331519878	0.44094983933789816
chr02	23212492	23658607	0.6082328698035774	0.4398064028759325
chr02	23658610	24116548	0.480510073896007	0.5234610645670061
chr02	24116612	24618226	0.526761730390029	0.46311466267308965
chr02	24618237	24991478	0.508402139731782	0.512974003004322
chr02	25005046	25567233	0.5095877484552995	0.5165373648720527
chr02	25567239	25867786	0.4865802601536429	0.5489701387489927
chr02	25881867	26155820	0.6069545408128861	0.39680129555093796
chr02	26155838	26667821	0.5346738320774332	0.46158709723985075
chr02	26667825	26998250	0.5971657106441189	0.4252868672406633
chr02	26998264	27329976	0.5192518460759351	0.45061480834489065
chr02	27329987	27667672	0.4387383184496355	0.5294864128778323
chr02	27667681	27919192	0.5266850196419642	0.3940924283738913
chr02	27919195	28540650	0.5215121667366648	0.4655727848714143
chr02	28540679	28899679	0.5062400807566424	0.49313694563783694
chr02	28914199	29188742	0.5397054494738978	0.4570798889369458
chr02	29188743	29438438	0.5607020225547817	0.4284157720024587
chr03	108194	509161	0.5615879690563211	0.41643943674784095
chr03	509209	853081	0.4669095448163744	0.5120409849184914
chr03	853085	1140553	0.5258256920233767	0.44734455591028305
chr03	1140580	1470675	0.5132038674563192	0.49744675462350907
chr03	1528651	2067424	0.5189735548496927	0.4040527258293179
chr03	2171194	2685748	0.48657309997634823	0.530096236660316
chr03	2710142	3060455	0.5167602278912377	0.501492677697853
chr03	3060492	3421897	0.5153321766563813	0.49870069997204125
chr03	3426594	4078332	0.48957205620601596	0.5174205356801028
chr03	4082747	4654073	0.5535451843483511	0.4529234076809616
chr03	4654109	5128322	0.4718668029520331	0.5480094046987859
chr03	5128334	5724971	0.45785895956601463	0.512311291466752
chr03	5752244	6467458	0.5083813685328447	0.5176673817675448
chr03	6635379	7000690	0.47657576126267787	0.5244639466957253
chr03	7000696	7817336	0.5379813429362237	0.44238482330436757
chr03	7817352	8314342	0.5099270683406278	0.4709813768619716
chr03	8337111	9134013	0.5523265589064288	0.4616803562605663
chr03	9134022	9585799	0.5070028358775787	0.5011331319379243
chr03	9623378	9974010	0.48748842923730457	0.465965591066038
chr03	9974032	10991538	0.5628330974466816	0.4162624888029267
chr03	10991573	13123752	0.5072371082516863	0.5035754221755301
chr03	13490665	15023363	0.46401637325544964	0.5514367811921694
chr03	15044419	16805710	0.48464691670635063	0.5394608458868212
chr03	16808710	17643287	0.5834415012452288	0.4158770475773154
chr03	17643300	19003801	0.4819889719482094	0.524508597508288
chr03	19003811	22659482	0.4684386309105471	0.5225512632031515
chr03	22659491	23494318	0.4907772084577499	0.5307239167016428
chr03	23509627	23795606	0.4365789130981359	0.5846447542146169
chr03	23805823	24605105	0.5677248078338987	0.41466442001599096
chr03	24631315	24892278	0.47922196888678237	0.4536187240553939
chr03	24928090	25304831	0.5294031893904658	0.4290112450334063
chr03	25304866	25948367	0.48699862150494705	0.5602113514412438
chr03	25959262	26237980	0.5165162921115583	0.47040064275329785
chr03	26261772	26810437	0.5711449808651972	0.4392868202865534
chr03	26913320	27530610	0.5372626344799992	0.43803268225546
chr03	27545482	28206620	0.49937737309372865	0.49843607309823734
chr03	28238082	28715695	0.55014042220946	0.3682251912160216
chr03	28721155	29280216	0.5295073535690124	0.4768645978803031
chr03	29345403	29773115	0.5093228248230472	0.5009726893377359
chr03	29773147	30218152	0.5282348533887106	0.40954005505727803
chr03	30269511	30567803	0.5203011462460558	0.5351289890402426
chr03	30581741	31009197	0.5245021461388206	0.48078380041597074
chr03	31059403	31438133	0.5402744306669636	0.46684809153639567
chr03	31466150	31894009	0.5339165347834809	0.4320393861888894
chr03	31944877	32599193	0.574943880943567	0.4303806261759645
chr03	32613758	33127498	0.4161261621361836	0.5240279853514019
chr03	33219385	33656596	0.4770460286515649	0.4718915024155384
chr03	33663496	34314371	0.5411837040051166	0.4499467697624029
chr03	34337752	34781668	0.5211476374106603	0.5064156842502509
chr03	34781669	35001189	0.5039888395928138	0.5185970726456623
chr04	60911	491059	0.515266734119221	0.47359649700284656
chr04	530090	1190268	0.5255335109644362	0.47548052433145216
chr04	1211568	1926357	0.5009535526428257	0.4771963651656645
chr04	1983856	2547658	0.4678203059669525	0.5355837852735964
chr04	2547702	3154897	0.47790060059413536	0.5110976747386196
chr04	3189732	3885566	0.4798827056387467	0.5105177921947707
chr04	3885599	4382941	0.4815354889407982	0.5387097529744743
chr04	4436366	4866901	0.47643129531084977	0.5520778013731603
chr04	4866946	5125345	0.5115059939211655	0.500261336852896
chr04	5143262	5730613	0.5407544512774763	0.44720401604101406
chr04	5730625	6179340	0.5201694236087803	0.4553278077400271
chr04	6212548	6568759	0.5970806541914921	0.4049349979135501
chr04	6651761	7032523	0.5223365459203816	0.49785732435835417
chr04	7049997	7573525	0.4758392326274649	0.5102104182026137
chr04	7579399	8134865	0.5423201294594966	0.4631103478366232
chr04	8166752	8650194	0.48032383555643365	0.519355551594608
chr04	8938035	9914887	0.48821639989700855	0.5140190644671873
chr04	9914934	10589851	0.49327089953147335	0.5090925339328869
chr04	10589854	11410993	0.5292594230786039	0.4312011171946118
chr04	11411005	12072554	0.4723560926635291	0.5489640956200186
chr04	12072606	14905958	0.4925469817562459	0.49113640847540363
chr04	14905966	15610073	0.5278369142797243	0.44100384613637494
chr04	15780362	16517601	0.456158791524028	0.45427762416813916
chr04	16517629	17543132	0.5123682627524837	0.5153867652899082
chr04	17580290	18880835	0.5192280666118548	0.48172982467594366
chr04	18968835	20118665	0.49845855057418037	0.4769076649129033
chr04	20118674	21040948	0.5186360936622534	0.48477752835200166
chr04	21207796	22100267	0.524308039621674	0.48309804193185485
chr04	22100320	22872683	0.4993883260300195	0.4870216157653646
chr04	22874620	23234755	0.46080386311310784	0.5221379386356365
chr04	23249471	23707522	0.5497974751689311	0.4540942003018123
chr04	23707539	23999036	0.5533750304828656	0.452653090149884
chr04	24039546	24769988	0.5078212954413053	0.47709363503412766
chr04	24785458	25707067	0.5349103485325463	0.47243621908893085
chr04	25736417	26383726	0.5506051221522954	0.4134928287984273
chr04	26402245	26724238	0.5333880384364856	0.49603931145873564
chr04	26735229	27432104	0.5210522721937899	0.48076832025019933
chr04	27432110	28013022	0.4527068292697527	0.546071473186206
chr04	28013037	28608417	0.5107289541171167	0.4881769975413022
chr04	28608431	29592574	0.518785622350287	0.49766851924067784
chr04	29611178	30240294	0.5220317916911905	0.48439057649329886
chr04	30240321	30750043	0.4812692429552229	0.520769920021228
chr04	30750103	31379387	0.4845851416719937	0.5082751971237709
chr04	31379393	31699686	0.5467405387206257	0.4552478072472977
chr04	31791796	32142474	0.5173336632663565	0.491830350330811
chr04	32142501	33109662	0.55001672653777	0.4396327789749308
chr04	33135752	33475843	0.5030003109573555	0.4887275960704334
chr04	33475856	34033527	0.5280388648956019	0.44911049709014067
chr04	34062297	34420440	0.5040548181836513	0.5120695759800552
chr04	34420458	34910162	0.4746151871533617	0.5150320397669577
chr04	34948417	35624594	0.5160084850883446	0.4877963484847048
chr04	35624604	35852197	0.5362337206994832	0.4638641629996438
chr04	35872310	36292250	0.4967350767909756	0.4937103600050512
chr04	36308951	36887653	0.5229831783115398	0.4967452574446526
chr04	36887654	37039672	0.5153230258940384	0.48663239765231114
chr05	41154	493677	0.5412427026823675	0.45999742368818464
chr05	524956	1082239	0.5226226376947751	0.47427880825469154
chr05	1104718	1931622	0.4602139017790042	0.542316380587116
chr05	1952866	2336696	0.5127547003072362	0.4934182082123271
chr05	2352683	2832081	0.4677157756587153	0.5250631188653924
chr05	2884892	3544728	0.5501442734319016	0.4525886241776974
chr05	3574464	4178994	0.5410945782484674	0.45470275181794784
chr05	4178999	4621653	0.5040197846679887	0.5024308287680825
chr05	4641258	5040056	0.40473356534127397	0.5403524867272406
chr05	5120730	5422548	0.4609894110398215	0.5215114668082022
chr05	5430172	5936011	0.4859414285241735	0.504391079508074
chr05	5936037	6303842	0.5073712596068479	0.4736621935939043
chr05	6303850	7115289	0.5133384307145828	0.48957633757080177
chr05	7170630	7471507	0.49143483354955003	0.5015456461724126
chr05	7488056	7838687	0.4474176669320814	0.5437184229924988
chr05	7857756	8187519	0.479103700935393	0.504457443714437
chr05	8187529	8857026	0.5004105623491999	0.4661147165737716
chr05	8864272	9175525	0.4893280583051755	0.5117391989663984
chr05	9232554	9966314	0.4955770241167147	0.46968859873797864
chr05	9990902	10702991	0.5175046833440585	0.5145318059614313
chr05	10703001	11153557	0.5247463553753278	0.4675438499243354
chr05	11199349	12185726	0.4836025284695242	0.4485573895108294
chr05	12185735	16906092	0.49219449406194404	0.5137338021211642
chr05	17295496	18718373	0.5011504622068369	0.5093332944381301
chr05	19014686	19693400	0.4664285606821026	0.5253774617982476
chr05	19701043	21094007	0.5588831697878484	0.438440390162915
chr05	21103521	22126163	0.5038332150876695	0.48494057893964765
chr05	22180331	24115778	0.4973354610161169	0.5122131864266668
chr05	24213835	26688019	0.47269978735809964	0.4668964797836227
chr05	26929744	28298400	0.4941509724346775	0.5112113450714769
chr05	29152902	32387328	0.4859094892116751	0.5645826631565221
chr05	32387357	33187113	0.5437112347922219	0.4406630994567962
chr05	33213645	33977555	0.5179484470840778	0.4484683797739671
chr05	33992883	34852274	0.4761146979242413	0.5120934946260624
chr05	35149395	35751500	0.5429170315066645	0.440133641924241
chr05	35863741	36444651	0.5718092501401663	0.4254623046871888
chr05	36444655	36943404	0.532684944519891	0.48355407345285967
chr05	36943415	37548437	0.4916305406482007	0.46986811555705266
chr05	37637897	38011225	0.5196310190103254	0.46272207445115526
chr05	38017551	38622510	0.4975031531181082	0.4612549923918667
chr05	38645154	39053189	0.5234644853909123	0.46599520225168495
chr05	39053211	39373106	0.478371229548464	0.49233137511349423
chr05	39401482	39740549	0.454305830694401	0.5299607558559892
chr05	39786675	40445366	0.5062626266465572	0.5173332051853151
chr05	40474898	41094572	0.45073319140876	0.5374407904878513
chr05	41138178	41576767	0.4432034722053543	0.563279338388055
chr05	41576768	41717309	0.44306253788221783	0.5698081695664377
chr06	97902	607681	1	0.0022496219366618113
chr06	634671	1505760	1	0.0
chr06	1505779	2156926	1	0.0016683808281973765
chr06	2156939	2795636	0.9847867613358925	0.01806356032241333
chr06	2805038	3319088	1	0.002731268444382362
chr06	3319644	4060355	1	0.0
chr06	4094167	4480512	1	0.0
chr06	4483245	4878544	0.9856560359932375	0.025557661593411874
chr06	4885178	5306253	1	0.0013459614088609127
chr06	5306273	5794747	1	0.0
chr06	5823968	6330933	0.9710277956643797	0.0010868575327327306
chr06	6382575	6850247	0.7346373094188903	0.2820111160357214
chr06	6850253	7173789	0.5024211953043183	0.40566361454847005
chr06	7173801	7715672	0.6008722591617635	0.4199674402688347
chr06	7802729	8001607	0.5233416426991356	0.485047246884807
chr06	8001623	8480692	0.5037066484000947	0.49179036960094247
chr06	8494351	8843019	0.47500110120897343	0.48114241496626203
chr06	8852528	9394237	0.5532777789169603	0.4348589615462597
chr06	9395808	9893939	0.4909183046902976	0.5024388718869756
chr06	9893966	10392103	0.5042471455586612	0.5014130131577178
chr06	10394822	11038297	0.5349851922971212	0.45944762752748175
chr06	11038308	11564313	0.4482333256454466	0.5229632923223437
chr06	11587849	11894704	0.5580193236552677	0.45297165907340714
chr06	11896320	12549318	0.5520798336941958	0.39933027704636964
chr06	12622061	13928077	0.5388260437876304	0.46447637222541016
chr06	13980438	15269388	0.526381263584294	0.44357216082060075
chr06	15269481	15986763	0.49270940108322214	0.47101588439814845
chr06	16076218	17142593	0.5741728498228079	0.37743574556123505
chr06	17142611	19676799	0.4665136097002933	0.48547320945539996
chr06	19688140	21049214	0.5456631608859476	0.45344978011337417
chr06	21349634	22495807	0.5236904517627724	0.4757303823171507
chr06	22495831	23325800	0.5440467590525563	0.4480248344107767
chr06	23325831	24876615	0.496713785782169	0.4531086389368472
chr06	24876625	25934159	0.48138171490072806	0.528899225527966
chr06	25934184	27088887	0.5043161904187976	0.49981383683818364
chr06	27088938	28921146	0.5043528164208526	0.4946442287930678
chr06	28921200	29563887	0.5300586080505784	0.47021668467079014
chr06	29563908	30154221	0.5581504442086738	0.49365626647957495
chr06	30188831	30642513	0.5102733193685535	0.4981372294452001
chr06	30660127	31242333	0.4954183356649877	0.5070540802543396
chr06	31279914	31892634	0.4865692000237261	0.4665322199972982
chr06	32026618	32565094	0.5192440357163645	0.48094765782254556
chr06	32571855	33625747	0.5081498754478333	0.4431575966964535
chr06	33677124	34317765	0.5116729451180085	0.49582071309058334
chr06	34339323	34640653	0.45451096740458935	0.5349955220323968
chr06	34640674	35382156	0.491800846229516	0.4995035550014833
chr06	35405500	35914843	0.49369222393249	0.47565860549529176
chr06	35927605	36199548	0.5924972288523501	0.41104499013787205
chr06	36203086	36791735	0.5503101487102753	0.45442469859114576
chr06	36802839	37506207	0.4809109215893134	0.4895468788811063
chr06	37506208	37576547	0.46715447968748736	0.5028033999996298
chr07	64700	653562	0.45815543481078985	0.5422151675254403
chr07	661146	1196067	0.5482139055746853	0.4826069334543691
chr07	1196070	1829949	0.47919221137989976	0.49393129961041565
chr07	1847587	2231923	0.5231487292711412	0.5283468624725548
chr07	2231968	2824509	0.47934678764839583	0.5116267981004887
chr07	2824555	3259249	0.45484771607969815	0.5296951529092607
chr07	3259273	3645136	0.5140213944414334	0.49122308378938245
chr07	3667372	4230654	0.46972951952468206	0.5079249016312496
chr07	4240004	4551577	0.48309799300424927	0.5139651722417756
chr07	4564108	4892397	0.49417438499516253	0.4753086737128182
chr07	4959274	5420224	0.4851598084991461	0.5180470012922936
chr07	5420257	5757534	0.49155297466266173	0.5303914105319675
chr07	5757566	6376172	0.5293456658315268	0.4925813376910205
chr07	6381632	6913419	0.4811780595046927	0.4288969743019906
chr07	6913443	7215110	0.4987127981539	0.5115191389206608
chr07	7220741	7773522	0.5155122091717969	0.47657449975255456
chr07	7773582	8283288	0.4739454284112418	0.4429775822517915
chr07	8284740	8670325	0.5293567452197858	0.510869012133883
chr07	8766275	9217279	0.48765574695277725	0.5020351333147612
chr07	9239662	9734153	0.4868424078358897	0.51346143854663
chr07	9734168	10183609	0.6782083626350524	0.3977074214978505
chr07	10183638	10879158	0.5094465172494396	0.5085077849202251
chr07	11001786	12002258	0.5485284183146566	0.46469276081876565
chr07	12002267	13190557	0.5962614801706849	0.3577525882151557
chr07	13250841	15471312	0.4747422150330531	0.5294232246258448
chr07	15483490	17352977	0.49498105904454276	0.5424507501162904
chr07	17487955	22257001	0.4937949725448652	0.5250214289039797
chr07	22294253	24917003	0.5147279420702641	0.4934407225978602
chr07	24938810	27066434	0.4819134599024023	0.5221826114226575
chr07	27071622	27721677	0.499826963191278	0.5143573355477015
chr07	27799860	28479322	0.5669379934919077	0.4390959961217445
chr07	28479340	29579743	0.48897008309537826	0.5060755281734578
chr07	29591709	30602492	0.5621045546455021	0.4155300002809242
chr07	30621118	31336789	0.4398252061680436	0.5235698018972516
chr07	31336811	31815205	0.5248099013449227	0.4253995037218758
chr07	31816933	32316458	0.4503439946085393	0.4965646466396274
chr07	32316461	32859873	0.4649488247702659	0.537664271159592
chr07	32859883	33128730	0.5314628254458252	0.4280664019676292
chr07	33145035	33538743	0.4274927380828422	0.4878867792742078
chr07	33574006	34091839	0.4839162459549116	0.4947468276060634
chr07	34091869	34367223	0.4810652610806824	0.4928842331786113
chr07	34367262	35011201	0.49849519768818307	0.4917766868691999
chr07	35011202	35021330	0.5161982769641921	0.50548783427062
chr08	60355	883088	0.5303569267667265	0.4701133966079713
chr08	928379	1400977	0.49609787127877497	0.48992253848642053
chr08	1424042	1652293	0.5237566139731175	0.4757976551484611
chr08	1660985	2011492	0.48416273725944586	0.5225728507227377
chr08	2121046	2950109	0.5214738311221667	0.48957645611375367
chr08	3003372	3545582	0.4954208237599983	0.5070136050753056
chr08	3562442	4077679	0.5280240336580948	0.4689830121950665
chr08	4077749	4594684	0.48118066013303623	0.4753357607447863
chr08	4594717	5226297	0.567448407783537	0.427871655549047
chr08	5269567	5892266	0.5055938735739595	0.4745063598000564
chr08	5973676	6959490	0.5097631412539626	0.495079044487475
chr08	7135263	7754612	0.5474868462183999	0.4543351675744496
chr08	7754645	8132907	0.552580595062426	0.4378602342143779
chr08	8141805	8673411	0.5353764610937134	0.45324648395416567
chr08	8673455	9233987	0.5154451542796873	0.49146919251268334
chr08	9254004	9895422	0.5456982366989512	0.4731334028875493
chr08	10163204	10698371	0.5028953524010015	0.49360369990132485
chr08	10747941	12471201	0.5267684364476808	0.4544164691961225
chr08	12496871	14854229	0.4999047925252646	0.5183199542980733
chr08	14899947	15791335	0.5266873268228882	0.463494446882549
chr08	15813058	17276881	0.4898897293142301	0.5169276597510613
chr08	17286051	19722774	0.4976906119662356	0.5008494715846321
chr08	19722998	22614642	0.530436757620193	0.4853700849016017
chr08	22617995	25111817	0.5307705264649091	0.4676613284875608
chr08	25112005	27102296	0.5166915093997639	0.4600134513831086
chr08	27103397	29207620	0.4743337463191193	0.5180372886490663
chr08	29484763	32518533	0.46585138201340714	0.5333219364551555
chr08	32519054	33284675	0.5616957258485225	0.4358448779945794
chr08	33362339	34556719	0.5461995704416467	0.44697544212653945
chr08	34556727	35243442	0.5304761603777827	0.4713301085355066
chr08	35258134	35844782	0.466809957116304	0.5391284757838246
chr08	35846652	36297530	0.49215579244157354	0.4685075430234501
chr08	36308786	36900654	0.5329449323142098	0.47601433051290126
chr08	36924219	37296639	0.4940465560228786	0.5062828781222898
chr08	37314298	38212961	0.5118706578942915	0.45701810451360125
chr08	38221372	38678516	0.5150105463091923	0.46346036572308624
chr08	38725710	39438586	0.5119216130887165	0.4428657234995852
chr08	39521740	40065203	0.4859457503496471	0.5341487882837449
chr08	40078813	40534107	0.5105880659625401	0.4956600715392635
chr08	40542943	41342659	0.5033250468475542	0.49652118613046586
chr08	41370452	41782132	0.5729336235454225	0.40558417867194135
chr08	41937997	42491112	0.5777250796328552	0.410178692582677
chr08	42491129	42985858	0.4910689660710613	0.5161517377820938
chr08	42985891	43550599	0.5624592405530642	0.4311484124613623
chr08	43550623	43966662	0.5318136690936593	0.4515384966095897
chr08	43993066	44670297	0.46966849262350596	0.5144436020849106
chr08	44670298	44859922	0.5001115534863955	0.4639505844116926
chr09	51113	679088	0.4997401327671558	0.46338316427998416
chr09	679102	883095	0.5323797235654147	0.47076411851210037
chr09	883105	1322001	0.5107984779169424	0.48674399320681133
chr09	1322055	2019208	0.47005249336046784	0.5321181445879231
chr09	2025957	2323041	0.53140004683581	0.4493745936871307
chr09	2323047	2700692	0.5634718965541647	0.4384715747759246
chr09	2757926	3090259	0.5113297848574008	0.4107621423829798
chr09	3090285	3374736	0.4974642628298519	0.5317143468447836
chr09	3402998	3668119	0.49605544717899125	0.5053117933404451
chr09	3668166	4030869	0.5093649575324674	0.49652134858633956
chr09	4047077	4409946	0.48410693961657847	0.5277086274038483
chr09	4409961	4868867	0.5628278852070749	0.4259932502519167
chr09	4873520	5297294	0.5580461984697291	0.47630720148202893
chr09	5337617	5873906	0.5931180868079278	0.4026948950397632
chr09	5873929	6310143	0.47522048641041836	0.4883039061072845
chr09	6318971	7188058	0.5592323292264634	0.4444368349511424
chr09	7220183	7573093	0.5324455505899782	0.4443445026132647
chr09	7582278	8009167	0.4857865777744452	0.5033383947758658
chr09	8051762	8447929	0.42518504650928884	0.5486971286775669
chr09	8447958	8848738	0.49231698222969583	0.5470378519183497
chr09	8864504	9280623	0.5084540495139139	0.4785943104139279
chr09	9341400	9806269	0.5458403757830085	0.45796857835041255
chr09	9806298	10352219	0.5590187915701748	0.46834975258787936
chr09	10375847	10995635	0.4732682517549591	0.5350824663220084
chr09	10995643	11621256	0.476776224984493	0.46829400536316773
chr09	11628740	12307235	0.5762173278133438	0.508708924898641
chr09	12334693	12919616	0.5551866510214981	0.48310918313463064
chr09	12939055	14976329	0.5293681188281157	0.47098885464770907
chr09	14993416	18088580	0.4991949854608154	0.49392358917145074
chr09	18126384	19698315	0.5287219584590336	0.47848974634250935
chr09	19698362	23859627	0.5291314232644669	0.4872295472903171
chr09	24021971	26795580	0.45502507778285717	0.530994224491773
chr09	26795583	28459737	0.4935669258945395	0.5008868765973655
chr09	28459756	31075392	0.5214645098927025	0.4792197336988455
chr09	31421221	32438258	0.4763930084793901	0.5167108948029474
chr09	32438292	34066539	0.47271880899618307	0.5295674629204935
chr09	34084994	34448390	0.495678694231693	0.4853754520149641
chr09	34448420	35104539	0.5054702693397656	0.4721029687810177
chr09	35139185	35739180	0.4904203049523507	0.5220297524023195
chr09	35739193	36105997	0.5619971896151692	0.3966307282962238
chr09	36223486	36864119	0.4805102785632646	0.5224649688678982
chr09	36864122	37100594	0.489154497095458	0.47627773649847466
chr09	37100609	37642296	0.5183783638917914	0.4520144880120413
chr09	37642303	38464084	0.45169087522368423	0.5278678166171851
chr09	38640934	39416298	0.52436642470444	0.501780998284149
chr09	39449013	39822338	0.5633689082864408	0.36636049607081467
chr09	39822365	40327442	0.4794456672886659	0.5118062364168464
chr09	40345762	40714566	0.5156574434015367	0.4842463454697123
chr09	40714567	41302964	0.5324826242144559	0.479793038777581
chr10	520083	3778325	0.4817338641901576	0.5364009897379288
chr10	4010904	5449730	0.43560827012489645	0.553882402189794
chr10	5449748	7705496	0.4831985631520562	0.531531413241808
chr10	7770291	9918767	0.527254592449352	0.4865059056093814
chr10	9918824	11654559	0.5496961676372378	0.4354493545538186
chr10	11666619	13934291	0.4911602098906917	0.5167670179198
chr10	13934301	14702403	0.5733550561690509	0.42954006226292724
chr10	14707410	15526703	0.5355167746959	0.464908320367828
chr10	15547298	16816649	0.46338424982538073	0.5270124833449816
chr10	16816663	17697065	0.48838013781479417	0.49648551766776916
chr10	17697070	19089386	0.5248926190738689	0.47877399240585067
chr10	19089434	21566262	0.5120352649703093	0.49458424036564813
chr10	21601432	22724416	0.5535872831921885	0.4755699430235504
chr10	22752930	23058753	0.5499813952150467	0.4564092951476757
chr10	23085309	23670234	0.5198804620071702	0.4579923077202768
chr10	23670238	24476320	0.5710650253502675	0.4287439595792997
chr10	24476348	24941060	0.5131611330885043	0.4733265027244779
chr10	24962530	25416462	0.456521447261209	0.47013073236023956
chr10	25430785	25879344	0.4837446826108536	0.5172089577145947
chr10	25886014	26494069	0.5113140350065766	0.47362897202049026
chr10	26494104	27136412	0.5125672792843483	0.48326728930611834
chr10	27169928	27574126	0.5334461682967735	0.4648067367014746
chr10	27574136	28016097	0.4959926099864799	0.4855627139845199
chr10	28016105	28330089	0.49563036454423803	0.4056872997090453
chr10	28341020	28945952	0.4661667778755312	0.5295464210130241
chr10	28969795	29482056	0.5188872280988175	0.5054335131135297
chr10	29496531	29902284	0.5496429326185381	0.4528404632105457
chr10	29902338	30381990	0.4783997348262376	0.5242883938521078
chr10	30382081	30648207	0.5099641763023883	0.4875518629226162
chr10	30648214	31049425	0.5578167140352329	0.44765846357406364
chr10	31049441	31276410	0.5226454431478557	0.4664077730425316
chr10	31285129	31603551	0.5169169303049758	0.48802882681946025
chr10	31621293	31892406	0.6193692146522887	0.3883621016823523
chr10	31918881	32178246	0.5206158325511233	0.4772394610280159
chr10	32219579	32676799	0.4587499830076312	0.5750617522983138
chr10	32731123	33413749	0.5132027310032281	0.48796831804029345
chr10	33427610	34046980	0.5166350623058327	0.47223049073996204
chr10	34108892	34499676	0.45290679021316355	0.573058783156189
chr10	34574816	35013735	0.5567390918799906	0.4452482875248137
chr10	35045048	35389484	0.5786131425117249	0.41734086781049917
chr10	35397420	35671012	0.49548562706999943	0.49345111130063146
chr10	35671059	36200852	0.5124349669549049	0.44043117553032124
chr10	36200879	36872392	0.45120965648589384	0.4238516939959202
chr10	36872395	37531275	0.5083533279927445	0.5025484599585051
chr10	37531276	37665347	0.5119698807370539	0.5397631018368516
chr11	182113	662330	0.46208445468949094	0.5097041001179428
chr11	662355	1361351	0.5489953245844013	0.4491477962954066
chr11	1361366	1753097	0.528275766028015	0.4847254004306317
chr11	1753130	2450439	0.46421321546379196	0.5354150581360575
chr11	2498910	3472433	0.488209310864446	0.524765843624876
chr11	3478695	4191510	0.5286896593166641	0.4504745586772821
chr11	4191571	5133902	0.5348422398268957	0.4683828097696719
chr11	5180346	5712644	0.5156005744251584	0.48734174223899573
chr11	5748693	6291617	0.4970819719460661	0.4576651741175869
chr11	6313094	7052722	0.5114911428129516	0.5134402355220891
chr11	7120407	8658473	0.5348274470698094	0.3904743299489584
chr11	8658516	9397621	0.5407623108544541	0.4343362487234481
chr11	9430469	10009966	0.5313406424104345	0.47216421762181626
chr11	10150196	12584174	0.5015800515323382	0.49432428061180006
chr11	12686366	15874895	0.5065633526908535	0.441601243145575
chr11	15896202	16459854	0.5004321672722543	0.4657180539691679
chr11	16459859	17493093	0.526017320249843	0.4853957476440575
chr11	17580644	18977890	0.48908310309689124	0.5273746034617978
chr11	19005935	20221012	0.4948193200846097	0.5264750611921162
chr11	20221021	20650859	0.5244152958492116	0.49928037425638655
chr11	20664214	21037696	0.48492439613902194	0.5188139699609532
chr11	21052052	21723205	0.5209206894928123	0.44974187666726034
chr11	21723268	22284387	0.5082075593719406	0.45903547428157576
chr11	22374449	22731294	0.5182035317157164	0.4854240422440827
chr11	22738072	23450054	0.49880964238543063	0.49759651203368227
chr11	23466723	23934128	0.47156219131613614	0.537196221240111
chr11	23944279	24791623	0.5057877906967282	0.5106684889121157
chr11	24804858	25165116	0.48702564261051684	0.4849918954351868
chr11	25165143	25637540	0.5038479620221277	0.4942515085335418
chr11	25686491	26185162	0.5342317250484696	0.4408847766369267
chr11	26185175	26731437	0.44011121720675717	0.5232910846279598
chr11	26768472	27171843	0.512420207347468	0.501258992895189
chr11	27180780	27444376	0.5127679218056539	0.529326382928569
chr11	27444377	27913438	0.5328961396737663	0.4742164455112494
