chr	start	end	AA	BB
chr01	21019	558465	0.33705564024911283	0.6444029606580656
chr01	558485	828434	0.3513275752188843	0.6471582393435308
chr01	828444	1271184	0.3705151823925603	0.6208406723558999
chr01	1332673	1619700	0.385587171400808	0.6274654880397108
chr01	1619753	1828424	0.3094271816217656	0.6973083023466249
chr01	1838186	2426011	0.348868292776309	0.6662499206827356
chr01	2447597	2818829	0.33596744966852177	0.6857689717754086
chr01	2818833	3244703	0.3365177998476465	0.6787610490320576
chr01	3244751	3732624	0.3312815151831383	0.6765166248249598
chr01	3732628	4269595	0.3520119696434978	0.6664602306663482
chr01	4300277	4892547	0.3246495950560866	0.6835201526298651
chr01	4900577	5588578	0.33343480182869584	0.6373965984069337
chr01	5588599	5966875	0.3314176646559145	0.6618888375234768
chr01	5967200	6351058	0.34265759885616415	0.6552570502447356
chr01	6387642	6834959	0.3211372386858468	0.6795955256826699
chr01	6840051	7288591	0.3503313908288295	0.6493060579630425
chr01	7294304	7976894	0.33708199158017654	0.657722172428244
chr01	8024192	8326595	0.3071889562677308	0.6980755501641469
chr01	8331208	8811528	0.3457715039238743	0.6658555762329986
chr01	8847690	9327262	0.34920432647997723	0.6431653087021223
chr01	9348971	9801549	0.33270492446715144	0.69145641598144
chr01	9801565	10059183	0.3134463392236278	0.7085563391925156
chr01	10059203	10275565	0.3597997577814163	0.646034560876086
chr01	10318001	10825032	0.31997356145025413	0.687629028351581
chr01	10875111	11086147	0.35824271751066095	0.619242614912812
chr01	11086178	11648798	0.34246008229065	0.6423603817162574
chr01	11681936	12314086	0.31621804038034856	0.7022377470816472
chr01	12319722	12680831	0.37019585980418157	0.6349577554298445
chr01	12680868	13458783	0.3640133709807058	0.6458493838530359
chr01	13458798	14088127	0.354408633039004	0.6422546660433457
chr01	14217541	14722046	0.3153195679931771	0.6867314213773698
chr01	14722083	16455954	0.3659767499709413	0.6404008759710619
chr01	16455973	18924641	0.3869182130539996	0.6330644399012157
chr01	18924644	20312474	0.32461287239170084	0.6367570517572454
chr01	20312492	21238143	0.3634640355715027	0.646354267875077
chr01	21238227	23909226	0.3710581031134536	0.6470228852323398
chr01	23909255	25807379	0.3609999278540093	0.624032710289696
chr01	25813879	26493498	0.3256276959934091	0.6730612040771058
chr01	26563977	28733184	0.34354349628578035	0.6470328091366049
chr01	28733185	28960423	0.33446763899707055	0.6595146017980025
chr02	1560259	6345560	0.006928637754297939	1
chr02	6345568	9177989	0.005173022854140306	0.9807743214237106
chr02	9289706	9951097	0.12826688894795135	0.8368495697544887
chr02	10061053	12466799	0.018061862943979677	0.987214399692861
chr02	12801349	13769586	0.01661362067266582	0.9790979513517456
chr02	13769724	14554686	0.01372652350697264	0.9811493737027271
chr02	14554743	15278572	0.001965538436363068	0.9808281342764424
chr02	15278590	15701147	0.0018353457607014768	1
chr02	15701169	16419286	0.020178844384048267	1
chr02	16419338	17016668	0.009470842032594436	0.990728462081695
chr02	17019122	17474153	0.03763231887584221	0.9342261079384434
chr02	17474186	17836284	0.0023882668579031374	0.9954097827963329
chr02	17862233	18236293	0.0009275002885620754	0.9731009073506962
chr02	18257717	18771477	0.0049030814756161065	0.9549968736229993
chr02	18771498	19128217	0.0052231228156356	0.9592606878672876
chr02	19149817	19631935	0.01181196799940063	1
chr02	19631991	20041573	0.01054676492753779	0.9989523892243388
chr02	20041579	20482459	0.0018953910008823935	1
chr02	20487004	20790423	0.027184581295988733	0.9791742310987245
chr02	20822757	21214668	0.0016396828546655648	1
chr02	21307913	21793957	0.009696164058880264	0.9017731404560232
chr02	21796598	22303421	0.000738153471227788	0.9896072372846398
chr02	22303538	22849802	0.0008275615490385983	0.9776307183131275
chr02	22852878	23212418	0.03301192101091351	0.9742362242205947
chr02	23212471	23658582	0.03021617510222107	1
chr02	23658607	24106863	0.017723880834058202	1
chr02	24116548	24618218	0.0015075456654619198	0.9930425105719689
chr02	24618226	24890191	0.0	1
chr02	24991478	25551473	0.003944245281694866	1
chr02	25567233	25867782	0.0031628225985245095	1
chr02	25867786	26155817	0.004630849142835961	0.9960713494229114
chr02	26155820	26653924	0.004078868118037823	0.9960660876715145
chr02	26667821	26969190	0.19859913726459513	0.78156985142301
chr02	26998250	27329945	0.00328454871214823	1
chr02	27329953	27644018	0.006295365412586033	0.9820293852227202
chr02	27644033	27873832	0.0008188515210599158	1
chr02	27908115	28337523	0.0031576485854266164	0.9694773379998917
chr02	28379407	28789844	0.007209745069085481	0.9678931417063212
chr02	28831351	29157215	0.02781074328585391	1
chr02	29157216	29438438	0.029045383109554707	1
chr03	108194	509161	0.3821171154718606	0.6150943035550489
chr03	509209	853081	0.32387155506265003	0.6828096766522839
chr03	853085	1140553	0.3328049404416049	0.6620206608881133
chr03	1140580	1470675	0.3748981178995645	0.6228254797939748
chr03	1528651	2067424	0.3435936999576528	0.6467213298013297
chr03	2171194	2685748	0.38041061067416954	0.6037305191762068
chr03	2710142	3060455	0.3625844130742646	0.6562603752175199
chr03	3060492	3421897	0.3430313820776607	0.6665105283896753
chr03	3426594	4078332	0.3309428587224967	0.6544613291955891
chr03	4082747	4654073	0.3519836981108327	0.6621475221416823
chr03	4654109	5128322	0.34391690970340233	0.6576183534769614
chr03	5128334	5724971	0.34985363089095867	0.6640377106442351
chr03	5752244	6467458	0.34000594121414984	0.6494393036346447
chr03	6635379	7000690	0.3047645094768811	0.6713628736009699
chr03	7000696	7817336	0.34271596525363623	0.6395948920210939
chr03	7817352	8314342	0.3286163628825347	0.7036126026661675
chr03	8337111	9134013	0.32941814215212784	0.7109750797923337
chr03	9134022	9585692	0.34580816616483234	0.6634892341566749
chr03	9585762	9950658	0.3533412988516345	0.638312571360085
chr03	9973975	10970661	0.3537996212670877	0.6624141458401692
chr03	10979532	13115904	0.35021061228169165	0.6169711327457037
chr03	13115919	14976137	0.32521307519561155	0.6168930943243228
chr03	15023323	16805686	0.3261787261824877	0.6788166494733179
chr03	16805710	17643284	0.35544142479499624	0.634929961757422
chr03	17643287	18998285	0.3324360896378603	0.666012140485604
chr03	19003801	22659440	0.38540020141490333	0.6330611596935968
chr03	22659482	23494289	0.3400023623625215	0.6764778439536225
chr03	23494318	23795559	0.3572919408995292	0.6658057141522293
chr03	23795606	24605099	0.3456357793984797	0.6564159350305101
chr03	24605105	24856336	0.3607186534685071	0.6281498817547893
chr03	24892278	25304817	0.3725222669056746	0.6759333617694373
chr03	25304823	25916491	0.3695939163379567	0.6300078825008183
chr03	25926584	26222357	0.3557558683973593	0.6546856588093837
chr03	26222360	26680979	0.36253103970263606	0.6426411731544872
chr03	26810437	27500372	0.3452388818012239	0.6515286848547502
chr03	27530610	28190088	0.37176327696051586	0.6422647213769331
chr03	28206620	28657709	0.322936326906822	0.6480855311286665
chr03	28715695	29272192	0.33058345434918124	0.6788063205491163
chr03	29280216	29773101	0.3445916313975632	0.6685152803572734
chr03	29773115	30203554	0.3619691263617122	0.6465625695511392
chr03	30218142	30525522	0.3115998273123593	0.6996344032729929
chr03	30567777	30992040	0.34434760056767744	0.6598663845158691
chr03	31009146	31398976	0.36549573955622444	0.641674495266204
chr03	31416742	31877896	0.3435319022231302	0.6550774072835543
chr03	31944877	32585016	0.34651548402210985	0.6456400866715114
chr03	32589321	33041255	0.30045537728221733	0.6436002132762169
chr03	33095401	33621770	0.34120749260072336	0.7090073589838355
chr03	33636746	34303075	0.36389861458785056	0.6703875262143391
chr03	34314309	34781630	0.3100154005235941	0.6920398574011201
chr03	34781631	35001189	0.30884595625655875	0.6754069288229682
chr04	60911	491059	0.36794834295692597	0.6346769621410333
chr04	530090	1190268	0.3287470815690995	0.6743430201587177
chr04	1211568	1926357	0.32850375245062685	0.6729821882916989
chr04	1983856	2543697	0.35930119627456436	0.6399187192468594
chr04	2547658	3126306	0.3763022719936296	0.6229913265350845
chr04	3154897	3759152	0.3603024269125907	0.6514600234448272
chr04	3885566	4288977	0.342472894539156	0.6522164199655286
chr04	4382941	4866880	0.35927394003786906	0.6575911645069227
chr04	4866901	5125328	0.32777610213685543	0.704853361739577
chr04	5125345	5685414	0.3372343538158083	0.6483295164762106
chr04	5730613	6172708	0.3677723415038424	0.6275401976354682
chr04	6179340	6568753	0.37400855522721965	0.6279483722775345
chr04	6568759	7032523	0.31517158360366776	0.6777480604920961
chr04	7049997	7573525	0.3191532887495814	0.6801571670747333
chr04	7579399	8134865	0.340771057858364	0.6716660772992596
chr04	8166752	8650176	0.2810399061246746	0.672519434074965
chr04	8650194	9914862	0.37532066334489106	0.6269206743809773
chr04	9914887	10575017	0.3663588971808532	0.63639438717909
chr04	10589851	11330893	0.30922936708475496	0.6697654703238863
chr04	11410993	12050295	0.30432247393488004	0.6778016002143511
chr04	12072554	14832381	0.3359645263140651	0.6648431550128573
chr04	14905958	15564714	0.3604603448980331	0.628914631064392
chr04	15610073	16517576	0.3545158777853595	0.5865328991210504
chr04	16517601	17424922	0.3605611490266128	0.6595932640620465
chr04	17543132	18874475	0.35217589029940993	0.638588179516887
chr04	18880835	20118652	0.3839526751512704	0.6428226656991706
chr04	20118665	20995002	0.32955025470239946	0.6749095604850187
chr04	21040948	22078517	0.3221272118637845	0.6878466358441757
chr04	22100267	22872661	0.344945600370319	0.6693710723123125
chr04	22872683	23234751	0.35325135135752195	0.6432437955739758
chr04	23234755	23707508	0.3514730190021999	0.6535761950558177
chr04	23707522	23957183	0.3777942094309537	0.6308138991145942
chr04	23999036	24769928	0.3466837980067474	0.64511806194906
chr04	24769988	25707054	0.32139280373301254	0.6724471661389966
chr04	25707067	26383708	0.330425177184737	0.64792203477957
chr04	26383726	26699740	0.3277142916413526	0.67451285341052
chr04	26724238	27432076	0.37029120970722634	0.6314461086033525
chr04	27432110	28013022	0.3567022829592674	0.6271965667032877
chr04	28013037	28600489	0.31399691792229756	0.702108783920371
chr04	28608417	29554803	0.36120851417194216	0.6347169298016347
chr04	29592574	30119182	0.34029477373116607	0.662259355185394
chr04	30240294	30742987	0.35450085616308824	0.6468583596323637
chr04	30750043	31352733	0.3515048182965884	0.6423827879393751
chr04	31379387	31699656	0.33111624436312687	0.6719436570710818
chr04	31699686	32132873	0.3550318101707532	0.6451489430374545
chr04	32142474	33109658	0.35240927005087935	0.6250544093736821
chr04	33109662	33475843	0.3313312512367527	0.6441596215545184
chr04	33475856	34033527	0.34867142363010234	0.6181078008962329
chr04	34062297	34420440	0.32378431553928677	0.6642155086521712
chr04	34420458	34910162	0.36379519058551557	0.6179936856966063
chr04	34948417	35438052	0.35021405042661025	0.6662243705363894
chr04	35584310	35841700	0.35967536448667115	0.6414890522750634
chr04	35852173	36232651	0.3305832176778728	0.6742354277858525
chr04	36292220	36887612	0.3643390375231341	0.6117774941710172
chr04	36887613	37039672	0.3598869337860333	0.5935818573783087
chr05	41154	493677	0.35023725107788944	0.6560970475485984
chr05	524956	1082239	0.3448906060600216	0.6433531493829052
chr05	1104718	1952866	0.36925405805041744	0.6334393992032297
chr05	1992970	2352683	0.39694133251214686	0.6107032834404029
chr05	2375171	2884892	0.3435179382901085	0.6453114719870088
chr05	2916576	3574464	0.3355627363382071	0.6653335643836557
chr05	3574530	4178999	0.3456243320941013	0.6836181146127082
chr05	4211654	4641258	0.3514905790561782	0.6231294395888102
chr05	4663099	5120730	0.3321984132114628	0.641731564056769
chr05	5120737	5430172	0.31966738946095635	0.686656552821123
chr05	5430199	5936037	0.31367774464030784	0.7075368651661762
chr05	5936056	6303850	0.3841885338939331	0.6094996892953427
chr05	6303854	7170630	0.36132077659894996	0.6696552568458847
chr05	7170641	7488056	0.32107788524183517	0.6950343756190352
chr05	7494994	7838670	0.32985248889528657	0.6738694990431748
chr05	7838687	8187516	0.33021648630897027	0.6682023003024784
chr05	8187519	8838691	0.334727212451471	0.708978820432168
chr05	8857026	9175485	0.373793040232529	0.6281820728035945
chr05	9175525	9966288	0.36307541583756997	0.6297603228498923
chr05	9966314	10694187	0.35212690235682353	0.6893683740973038
chr05	10694215	11141648	0.36728665563809265	0.609419952827702
chr05	11153502	12185706	0.33955908409791324	0.5716537917332056
chr05	12185715	16317638	0.33051816533407624	0.6747879546237127
chr05	16553897	18268027	0.32992795966955796	0.7036746822392739
chr05	18268033	19607897	0.36815893006487344	0.6584658191997399
chr05	19684171	21021028	0.33651719872839303	0.6843000362518377
chr05	21093924	22118909	0.3422919733881274	0.6600036910559454
chr05	22126163	24101527	0.35068696341736255	0.666541058798203
chr05	24115778	26005161	0.3373875159245293	0.6540582550781563
chr05	26005173	28252413	0.31496465201129165	0.7000005867108257
chr05	28252459	32115325	0.36708462014731724	0.653467293800015
chr05	32115677	33103687	0.35383106172666806	0.6465991165575518
chr05	33137438	33962243	0.37270156392885384	0.6315897115491589
chr05	33975136	34776450	0.3205231500518555	0.685079947923662
chr05	34784495	35690953	0.3355013186994021	0.6833012251602036
chr05	35698148	36311488	0.35344320060801865	0.6572256937394404
chr05	36311499	36927337	0.33407882349577295	0.6763814828176329
chr05	36938519	37232234	0.3140007541095765	0.6896731163093109
chr05	37548330	37988159	0.3312593298057158	0.6645877738741236
chr05	38010813	38481304	0.32310131516107177	0.6503640600129703
chr05	38580364	38964472	0.325320709834619	0.7079538508944336
chr05	38990862	39345463	0.35456152475529723	0.6630575557567792
chr05	39345538	39674899	0.3500001797113405	0.6206145267610048
chr05	39687160	40424460	0.3467129032168002	0.6494830394390578
chr05	40424510	40995599	0.3318450932665534	0.6897930828807709
chr05	41038319	41489423	0.3544328069317728	0.6514670124794893
chr05	41489424	41717309	0.35420081002148834	0.6447745977856358
chr06	97902	607681	0.13828460639762175	0.7786870917237063
chr06	634671	1505760	0.3215181447979009	0.6690588848144907
chr06	1505779	2156926	0.3273028549950349	0.634358148156317
chr06	2156939	2795636	0.2970504582752258	0.6725303262890973
chr06	2805038	3319088	0.34035077432335864	0.6212516209115654
chr06	3319644	4060355	0.3531263253459469	0.638806892982493
chr06	4094167	4480512	0.31481519793143614	0.6472961819820371
chr06	4483245	4878544	0.3329553975055861	0.6692814317056266
chr06	4885178	5306253	0.3435026316018249	0.6549910236440583
chr06	5306273	5794747	0.33875158764471197	0.6503065377098033
chr06	5823968	6330933	0.35520916378887096	0.6621204180691834
chr06	6382575	6850247	0.3547819387107442	0.6578800230013284
chr06	6850253	7173789	0.32989596680053396	0.5629105763910979
chr06	7173801	7715672	0.3318225965956889	0.6615846740903663
chr06	7802729	8001607	0.33120860324683415	0.6813273834608216
chr06	8001623	8480692	0.3749487938553133	0.6315681457057489
chr06	8494351	8843019	0.35663151764415696	0.6607659505827502
chr06	8852528	9394237	0.3112883545241494	0.6944544732762915
chr06	9395808	9893939	0.32805811006840696	0.6766531370687033
chr06	9893966	10392103	0.3477109055057387	0.6555520551250571
chr06	10394822	11038308	0.3765436073373215	0.6340573698583317
chr06	11038335	11587849	0.36536204333073463	0.6425061091127646
chr06	11587873	11896320	0.31999076148060834	0.6734554319319438
chr06	11991555	12622061	0.3603015538655236	0.6157402197697602
chr06	12622071	13980438	0.33526592169472885	0.6740937095017003
chr06	14002795	15269481	0.341651751069854	0.6774970413129356
chr06	15269502	16076218	0.32895864979423367	0.6911216453985612
chr06	16175967	17142611	0.3535675969286544	0.6746324304427714
chr06	17147987	19688140	0.31442467263529966	0.6956164882675091
chr06	19688208	21349634	0.37550146242536725	0.6330163552731265
chr06	21434154	22495831	0.3571288248690436	0.6434650012805033
chr06	22495857	23348364	0.34437485201788326	0.6697241835454069
chr06	23351172	24877967	0.36295964944833436	0.651072244592418
chr06	24877971	26017211	0.3567259269978605	0.6394931969886913
chr06	26018046	27802314	0.3419266161420878	0.6613147944213448
chr06	27857903	28947448	0.3372202103991984	0.650777991008598
chr06	28947479	29563911	0.3265450756935456	0.6769244632923365
chr06	29592894	30209365	0.3522518916766837	0.6860442505160788
chr06	30226351	30664897	0.3464903798245975	0.6589248731736365
chr06	30688660	31352958	0.3261290367726328	0.6845016715271242
chr06	31352993	32040392	0.3176606508616062	0.6792415473112535
chr06	32040423	32719940	0.3590546616194964	0.6696325451567094
chr06	32720839	33787872	0.3515435910866911	0.6372155525392446
chr06	33787879	34360561	0.3415103321228489	0.6696932582186444
chr06	34369811	34651900	0.3452151724692319	0.6439077627017521
chr06	34715709	35439946	0.054113919958432954	0.9025424113189509
chr06	35439969	35927649	0.0017552969597261225	0.9741269214652624
chr06	35927657	36232166	0.0026192185917644703	1
chr06	36235765	36994490	0.008645268545132164	1
chr06	36994491	37576547	0.0022661501652045113	1
chr07	64700	653562	0.002384608705136033	0.9753151031310239
chr07	661146	1196067	0.0025694565987181765	1
chr07	1196070	1829949	0.00434511444391741	1
chr07	1847587	2231923	0.03676542833895737	1
chr07	2231968	2824509	0.008242918608880493	0.9590449556218207
chr07	2824555	3259249	0.000916713247041991	0.9867049626499748
chr07	3259273	3645136	0.003363707312199073	0.9870860660146168
chr07	3667372	4230654	0.001778274737731689	1
chr07	4240004	4551577	0.0005158789638548973	1
chr07	4564108	4892397	0.0056160431887870964	1
chr07	4959274	5420224	0.022715845524150912	1
chr07	5420257	5757534	0.003910307681940719	1
chr07	5757566	6376172	0.007567936194828882	1
chr07	6381632	6913419	0.0022699324415890337	1
chr07	6913443	7215110	0.009599634408241667	0.999810351442638
chr07	7220741	7773522	0.004138916735838938	1
chr07	7773582	8267142	0.00550758584201645	1
chr07	8267191	8647786	0.002009328308302091	1
chr07	8660962	9208473	0.0015667925256724633	0.9984691928300335
chr07	9210380	9689556	0.00579230617446811	0.9944159755763639
chr07	9725924	10126057	0.002435753765506961	0.988818009733741
chr07	10183593	10839523	0.0015816854505452018	0.9633070966258629
chr07	10877535	11851427	0.007258766525535138	0.9799703165923125
chr07	11854189	13057590	0.0031420934418255123	1
chr07	13153719	15361927	0.017114786655272853	1
chr07	15372950	17352921	0.0011697776081642523	1
chr07	17352934	21821646	0.0005324835651251245	0.952237142278596
chr07	21932597	24888857	0.09551184389749326	0.9448581766166255
chr07	24888875	26920269	0.08770201919337722	0.918113800014675
chr07	26920281	27576919	0.003089134744224399	0.9873657619113624
chr07	27683283	28230370	0.002112618041684691	0.9650867175412712
chr07	28322465	29529965	0.036652668737453674	1
chr07	29575165	30443934	0.002889994969878813	0.9959139080612222
chr07	30480677	31219472	0.014680239171782333	0.9948215646682437
chr07	31219477	31673168	0.1665140249329534	0.8315275800416873
chr07	31756831	32257033	0.35641015298114387	0.6429854213989651
chr07	32291685	32812209	0.35480759395199263	0.673594357110858
chr07	32812222	33085009	0.3728926378445981	0.6496170798320056
chr07	33117290	33507174	0.3207171211472677	0.6550531427437343
chr07	33507199	33963480	0.33230809660983324	0.6617154888430637
chr07	34026403	34329483	0.3532217949512434	0.650240871230926
chr07	34352996	34864408	0.10700740087613357	0.9211731519543483
chr07	34864409	35021330	0.0684681897126179	0.9709352554094919
chr08	60355	883088	0.3524599752991324	0.6526696056058844
chr08	928379	1400977	0.3362868486217859	0.6584930890453288
chr08	1424042	1652293	0.32218792776543154	0.6799712514719507
chr08	1660985	2000619	0.3448793981550626	0.6438780284221571
chr08	2011492	2885131	0.3381448739191629	0.6538883009244881
chr08	2950109	3509477	0.3402733157621589	0.6638132208861389
chr08	3545567	4072800	0.35347090290906097	0.6444508034148988
chr08	4077666	4489948	0.33008252937043486	0.6509594005797082
chr08	4578419	5179791	0.34287982722260624	0.6316958940801759
chr08	5226297	5856035	0.32646202767061283	0.6744435104718152
chr08	5892266	6922439	0.3230813765036754	0.677654958392521
chr08	6922456	7691855	0.31555776390443285	0.6878325323449755
chr08	7742205	8066484	0.3564985147381739	0.6395819073876631
chr08	8078195	8673411	0.3162882543756219	0.6862980439925255
chr08	8673455	9233987	0.3681836645971571	0.6364708549484356
chr08	9254004	9895422	0.33754669002753185	0.6749725203594056
chr08	10163204	10698371	0.28607226072115144	0.683098975079471
chr08	10747941	12471201	0.3241502383006838	0.6937071377569167
chr08	12496871	14854229	0.31723344201436426	0.6591408523384691
chr08	14899947	15791335	0.3478723623231451	0.6436102443180681
chr08	15813058	17286051	0.3764903625549089	0.6214008878785784
chr08	17286078	19722774	0.3679989059923706	0.6375559266107134
chr08	19722998	22614642	0.32023390838121535	0.6888711935271256
chr08	22617995	25111817	0.3248930422388928	0.6747750118727813
chr08	25112005	27102296	0.3252038533800332	0.6805740696565484
chr08	27103397	29207620	0.34404980878722374	0.6614546554979358
chr08	29484763	32518533	0.29852441423912907	0.7017872990188445
chr08	32519054	33276048	0.3431797055196677	0.6567841160823994
chr08	33284675	34556706	0.31676808232025183	0.6855912255760978
chr08	34556709	35190779	0.31588204331060893	0.6866341985516015
chr08	35190788	35809780	0.3506301688323112	0.6439982755997521
chr08	35844772	36288002	0.3448429290012826	0.6549806732052388
chr08	36296537	36881994	0.3415410640779743	0.6428874153460217
chr08	36882044	37237264	0.3238615168589484	0.6725900599454955
chr08	37237283	38071862	0.32829999324577297	0.6550098732631661
chr08	38085944	38658333	0.3395064866160169	0.6549455395131785
chr08	38666037	39429160	0.32931881400928037	0.6702402831609177
chr08	39429201	40041005	0.3549001811785464	0.6410504335476339
chr08	40041011	40534083	0.36072861971044784	0.6440173137130196
chr08	40534088	41342604	0.33731790838084663	0.647470015185391
chr08	41342637	41766363	0.3203102310759044	0.6352502037129222
chr08	41768318	42474914	0.31107576764332096	0.6983186347005323
chr08	42474968	42985768	0.3918605907423685	0.5910148612441057
chr08	42985791	43491798	0.32934829150475886	0.6622032198652291
chr08	43550593	43966624	0.33005058574905877	0.6819494564090495
chr08	43966656	44655152	0.35865361279633506	0.6874650883229474
chr08	44655153	44859922	0.35935114502984955	0.6345404373990752
chr09	51113	679088	0.4425697840876992	0.5507275893511971
chr09	679102	883095	0.6964914393086055	0.30953091074929945
chr09	883105	1322055	0.6401616348702308	0.36611321147620285
chr09	1339933	2025957	0.6636240489013875	0.3442656994044229
chr09	2025980	2323047	0.7038544327163375	0.3067794643681627
chr09	2345864	2757926	0.6790548058147272	0.3056989442543526
chr09	2757996	3090285	0.6939258624323628	0.24297084839667904
chr09	3090311	3402998	0.6031771136954208	0.4135103241026086
chr09	3408657	3668166	0.6780885228600534	0.3230028472391293
chr09	3668181	4047077	0.6696626588816765	0.33846806347778013
chr09	4080777	4409961	0.6117998247366779	0.37136788124650727
chr09	4429877	4873520	0.6041457648080197	0.4178964398805863
chr09	4892580	5337617	0.3789030241791293	0.6327078118593052
chr09	5337621	5873929	0.3292358260742335	0.6710903394025055
chr09	5884108	6318971	0.3435221422374121	0.6144474644739806
chr09	6318974	7220183	0.3830204296309352	0.6441807538739321
chr09	7251642	7582278	0.3211501984366482	0.6794656193246258
chr09	7607269	8051762	0.3250158739788371	0.6653150300643172
chr09	8051791	8447929	0.2765242336912152	0.7142826155184648
chr09	8447958	8848738	0.3308579254684768	0.6929669499329995
chr09	8864504	9280623	0.32666033143051576	0.664948225425463
chr09	9341400	9806269	0.35644850511196136	0.6452245715566604
chr09	9806298	10352219	0.34869027511198614	0.6581092227543862
chr09	10375847	10995635	0.3473312966134789	0.6568453593625359
chr09	10995643	11621256	0.36172932093189347	0.6448604065250044
chr09	11621295	12298020	0.45009173472117875	0.5732712563825236
chr09	12307235	12919581	0.3460229241967018	0.6567799233003655
chr09	12919616	14976231	0.3725586419042224	0.6259293667953733
chr09	14976329	17927347	0.33159233250191483	0.5775246407235015
chr09	18088580	19698280	0.35791499584646785	0.6425555884313331
chr09	19698315	23695642	0.3357862309223105	0.685652012631552
chr09	23695676	26633372	0.3488198050559053	0.6980181233674603
chr09	26633384	28459644	0.3187050695708904	0.7315817121686392
chr09	28459656	30828144	0.3575339218378655	0.6395377440409528
chr09	31075378	32425242	0.36279245846667985	0.6072628011367293
chr09	32425250	34049499	0.319676291779372	0.6791892153994517
chr09	34066539	34443691	0.35210194922019555	0.6469932429008131
chr09	34448390	35054716	0.32806803254847233	0.6994372752728473
chr09	35104539	35739165	0.35332822129491165	0.6580149694377176
chr09	35739180	36105984	0.3517537200258675	0.6668341307573301
chr09	36105997	36864111	0.33893868973174596	0.6818350493384703
chr09	36864119	37048485	0.3541050514954753	0.6602996218272832
chr09	37100594	37642303	0.33467875342094117	0.6666154490225092
chr09	37686402	38640934	0.3075171953383695	0.7254937489206778
chr09	38641384	39449050	0.4365850175738449	0.5598674624138844
chr09	39449057	39822375	0.6452409220320866	0.46544548872864844
chr09	39836643	40345791	0.6651112256869647	0.36602136639600275
chr09	40345816	40775870	0.6798873810424967	0.3593663467125431
chr09	40775871	41302964	0.6624320322921906	0.3905441566415094
chr10	520083	4126844	0.3290754419689057	0.6367562852247627
chr10	4240041	5449757	0.36514570699565274	0.6383860617901301
chr10	5465991	7770301	0.33385369134388854	0.6603116607223908
chr10	7924956	9973023	0.3451832209233504	0.6495375550741984
chr10	10021851	11666630	0.37300528665699717	0.6086647926453889
chr10	11697552	13957889	0.3418076692332559	0.6402457210933729
chr10	14005480	14707443	0.3303695947107547	0.6737422718109448
chr10	14856436	15547298	0.34213397251552896	0.6642206600616517
chr10	15547307	16816663	0.3226038190663831	0.6779511047992193
chr10	16911543	17697070	0.3513148130976145	0.6396491521253954
chr10	17705183	19089434	0.3224612135457215	0.6515885296205189
chr10	19338569	21601452	0.33999261570499417	0.6625085589147556
chr10	21607761	22752947	0.37441998206247257	0.6329322083173157
chr10	22752977	23118741	0.33565701110387697	0.6777233871622017
chr10	23198937	23756747	0.38148606884413466	0.6130968717076882
chr10	23811357	24492141	0.3441927376508679	0.6346545577020231
chr10	24534962	25026866	0.3449127822100328	0.6637620011524926
chr10	25026915	25436210	0.3361267890725874	0.5570194099982371
chr10	25441501	25915865	0.31869796753275964	0.6881859597753381
chr10	25915906	26494104	0.36573613591821685	0.6060003924025913
chr10	26536726	27136412	0.33141335301391756	0.6485231547999742
chr10	27169928	27574126	0.3585835338401685	0.6367866382370008
chr10	27574136	28016097	0.337221023141075	0.6385707287337079
chr10	28016105	28330089	0.272177576760527	0.649811270209882
chr10	28341020	28945952	0.3187533947249695	0.6659090071757425
chr10	28969795	29482056	0.3676088731868548	0.6289355924619268
chr10	29496531	29902284	0.32453924129498746	0.6785818677913942
chr10	29902338	30381990	0.36287735509259283	0.6290073718443643
chr10	30382081	30648207	0.3803222807948152	0.5866625498523977
chr10	30648214	31049425	0.1121826046488578	0.8858184706178155
chr10	31049441	31276410	0.006982782977768562	0.9427061530085222
chr10	31285129	31603551	0.00434728296917408	0.9966949449164246
chr10	31621293	31892406	0.0007218247645026238	0.9902201829509205
chr10	31918881	32178246	0.0	0.996111868513973
chr10	32219579	32676799	0.0012595180342582825	1
chr10	32731123	33413749	0.0011440782860405846	0.9987163112525195
chr10	33427610	34046980	0.0030221717743690586	0.8852668610435043
chr10	34108892	34499676	0.00231854045707563	1
chr10	34574816	34973555	0.031152262630505072	0.9222762401608023
chr10	35013679	35372874	0.0013164618210238033	0.9720008717469878
chr10	35382702	35614800	0.003050005230557417	0.9840830370661396
chr10	35614851	36162868	0.001212770712603901	0.9895696560164702
chr10	36162920	36816784	0.000966582867067275	0.9298999384863648
chr10	36849858	37489478	0.00616167215601589	0.9316569154762061
chr10	37489479	37602151	0.004623849497929217	1
chr11	182113	662330	0.005592804999709643	0.9941775482497816
chr11	662355	1361351	0.00197218259063043	1
chr11	1361366	1753097	0.002249208248150889	0.936752469594396
chr11	1753130	2450439	0.002282074290720492	0.9833374249432549
chr11	2498910	3472433	0.002512439723796595	1
chr11	3478695	4191510	0.0032653626625982974	1
chr11	4191571	5133902	0.002352838024737408	1
chr11	5180346	5712644	0.0040000327850034266	1
chr11	5748693	6291617	0.0026773215863307174	0.9762163532330606
chr11	6313094	7052722	0.0033443618002850224	0.9671347185284351
chr11	7120407	8658473	0.0007524904869810593	1
chr11	8658516	9397621	0.0007579436766836822	0.9743566159571929
chr11	9430469	10009966	0.0049240422443474355	0.9981005929711319
chr11	10150196	12584174	0.001998344806869441	0.9890825432802124
chr11	12686366	15833108	0.0035421865912792804	0.9244601351839604
chr11	15834107	16409005	0.021152935479991333	0.9137005805517249
chr11	16409024	17379847	0.007360436767222274	0.9184657120457365
chr11	17433439	18755127	0.07456802394446405	0.8603200692138989
chr11	18774778	19698210	0.07839621969618922	0.9395874455883533
chr11	20207378	20629737	0.050069230822132285	0.9507360144575592
chr11	20629781	20960306	0.0020622702931759242	0.9998560740690768
chr11	20960312	21530068	0.003879090879592764	0.98602508354998
chr11	21548521	22020241	0.005023408682027127	0.9799562165799425
chr11	22030179	22603501	0.0020444522748474772	0.9538460923018695
chr11	22603505	23142716	0.0005424847663396908	1
chr11	23142750	23839120	0.003496701958864752	1
chr11	23875649	24568536	0.0015990854734379237	1
chr11	24664564	25004629	0.007071868003550996	0.9455571649906138
chr11	25046246	25506742	0.0023073569377343953	1
chr11	25519415	26060850	0.000645087095014377	0.9904555456647495
chr11	26098177	26488262	0.004748930501937508	1
chr11	26568074	27026933	0.004428563010382635	1
chr11	27040267	27373249	0.019301321077106887	1
chr11	27382426	27810187	0.002979088896637669	0.9626242570684286
chr11	27810188	27913438	0.004476025533892566	0.9578891337676134
