01 0 1 13100000 M
01 0 13900001 28800000 M
01 1 1 13100000 P
01 1 13900001 28800000 P
02 0 1 7700000 M
02 0 7700001 22200000 P
02 0 22300001 24700000 P
02 0 25200001 29100000 P
02 0 32700001 34700000 P
02 0 35000001 35200000 P
02 0 35400001 36200000 P
02 1 1 22200000 P
02 1 22300001 24700000 P
02 1 25200001 29100000 P
02 1 32700001 34700000 P
02 1 35000001 35200000 P
02 1 35400001 36200000 P
03 0 1 500000 M
03 0 600001 3300000 M
03 0 8000001 12800000 P
03 0 14100001 20900000 P
03 0 23500001 29400000 M
03 0 30000001 31400000 P
03 0 34700001 43100000 M
03 0 43200001 50200000 M
03 0 50300001 51000000 M
03 1 1 500000 P
03 1 600001 3300000 P
03 1 8000001 12800000 P
03 1 14100001 20900000 P
03 1 23500001 29400000 P
03 1 30000001 31400000 P
03 1 34700001 43100000 P
03 1 43200001 50200000 P
03 1 50300001 51000000 P
04 0 1 3900000 M
04 0 5600001 15100000 M
04 0 16400001 21000000 P
04 0 21700001 25500000 M
04 1 1 3900000 P
04 1 5600001 15100000 P
04 1 16400001 21000000 P
04 1 21700001 25500000 P
05 0 1 3600000 M
05 0 6500001 34900000 M
05 0 35200001 36200000 P
05 0 36500001 40000000 P
05 0 40200001 42200000 P
05 0 42200001 43100000 M
05 1 1 3600000 P
05 1 6500001 34900000 P
05 1 35200001 36200000 P
05 1 36500001 40000000 P
05 1 40200001 43100000 P
06 0 1 10400000 M
06 0 10500001 18500000 M
06 1 1 10400000 P
06 1 10500001 18500000 P
07 0 1 3600000 M
07 0 4300001 20500000 M
07 1 1 3600000 P
07 1 4300001 20500000 P
08 0 1 23800000 M
08 1 1 23800000 P
09 0 1 6500000 M
09 0 9500001 14700000 M
09 0 27600001 31000000 M
09 1 1 6500000 P
09 1 9500001 14700000 P
09 1 27600001 31000000 P
