01 0 1 1000000 C
01 0 1500001 2000000 C
01 0 2200001 2600000 C
01 0 2900001 3500000 C
01 0 3800001 5300000 C
01 0 6500001 11100000 C
01 0 13400001 23000000 C
01 0 23400001 26900000 C
01 0 27500001 28500000 C
01 0 28600001 28800000 C
01 1 1 1000000 C
01 1 1500001 2000000 C
01 1 2200001 2600000 C
01 1 2900001 3500000 C
01 1 3800001 5300000 C
01 1 6500001 11100000 C
01 1 13400001 23000000 C
01 1 23400001 26900000 C
01 1 27500001 28500000 C
01 1 28600001 28800000 C
01 2 1 1000000 Mic
01 2 1500001 2000000 Mic
01 2 2200001 2600000 Mic
01 2 2900001 3500000 Mic
01 2 3800001 5300000 Mic
01 2 6500001 11100000 Mic
01 2 13400001 23000000 Mic
01 2 23400001 26900000 Mic
01 2 27500001 28500000 Mic
01 2 28600001 28800000 Mic
02 0 1 1300000 C
02 0 2700001 11100000 C
02 0 11600001 12500000 C
02 0 13700001 16300000 C
02 0 17400001 21800000 C
02 0 22000001 24000000 C
02 0 24600001 25900000 C
02 0 26100001 28000000 C
02 0 28200001 29100000 C
02 0 29200001 29700000 C
02 0 29800001 32100000 C
02 0 32300001 32800000 C
02 0 33000001 33500000 C
02 0 33600001 34000000 C
02 0 34200001 36300000 C
02 1 1 1300000 C
02 1 2700001 11100000 C
02 1 11600001 12500000 C
02 1 13700001 16300000 C
02 1 17400001 21800000 C
02 1 22000001 24000000 C
02 1 24600001 25900000 C
02 1 26100001 28000000 C
02 1 28200001 29100000 C
02 1 29200001 29700000 C
02 1 29800001 32100000 C
02 1 32300001 32800000 C
02 1 33000001 33500000 C
02 1 33600001 34000000 C
02 1 34200001 36300000 C
02 2 1 1300000 Mic
02 2 2700001 11100000 Mic
02 2 11600001 12500000 Mic
02 2 13700001 16300000 Mic
02 2 17400001 21800000 Mic
02 2 22000001 24000000 Mic
02 2 24600001 25900000 Mic
02 2 26100001 28000000 Mic
02 2 28200001 29100000 Mic
02 2 29200001 29700000 Mic
02 2 29800001 32100000 Mic
02 2 32300001 32800000 Mic
02 2 33000001 33500000 Mic
02 2 33600001 34000000 Mic
02 2 34200001 36300000 Mic
03 0 1 900000 C
03 0 1300001 1500000 C
03 0 1700001 3200000 C
03 0 3400001 3600000 C
03 0 3700001 4900000 C
03 0 5000001 5400000 C
03 0 6100001 8600000 C
03 0 9200001 12500000 C
03 0 13500001 16800000 C
03 0 16900001 21000000 C
03 0 23100001 25700000 C
03 0 27200001 33000000 C
03 0 33300001 37700000 C
03 0 38000001 39500000 C
03 0 39700001 41000000 C
03 0 41600001 43100000 C
03 0 43200001 45700000 C
03 0 45900001 46700000 C
03 0 46800001 50100000 C
03 0 50400001 50900000 C
03 1 1 900000 C
03 1 1300001 1500000 C
03 1 1700001 3200000 C
03 1 3400001 3600000 C
03 1 3700001 4900000 C
03 1 5000001 5400000 C
03 1 6100001 8600000 C
03 1 9200001 12500000 C
03 1 13500001 16800000 C
03 1 16900001 21000000 C
03 1 23100001 25700000 C
03 1 27200001 33000000 C
03 1 33300001 37700000 C
03 1 38000001 39500000 C
03 1 39700001 41000000 C
03 1 41600001 43100000 C
03 1 43200001 45700000 C
03 1 45900001 46700000 C
03 1 46800001 50100000 C
03 1 50400001 50900000 C
03 2 1 900000 Mic
03 2 1300001 1500000 Mic
03 2 1700001 3200000 Mic
03 2 3400001 3600000 Mic
03 2 3700001 4900000 Mic
03 2 5000001 5400000 Mic
03 2 6100001 8600000 Mic
03 2 9200001 12500000 Mic
03 2 13500001 16800000 Mic
03 2 16900001 21000000 Mic
03 2 23100001 25700000 Mic
03 2 27200001 33000000 Mic
03 2 33300001 37700000 Mic
03 2 38000001 39500000 Mic
03 2 39700001 41000000 Mic
03 2 41600001 43100000 Mic
03 2 43200001 45700000 Mic
03 2 45900001 46700000 Mic
03 2 46800001 50100000 Mic
03 2 50400001 50900000 Mic
04 0 1 700000 C
04 0 800001 2400000 C
04 0 2500001 2700000 C
04 0 2800001 3000000 C
04 0 3400001 3600000 C
04 0 5600001 14900000 C
04 0 15500001 18100000 C
04 0 18300001 20400000 C
04 0 20500001 22200000 C
04 0 22300001 23400000 C
04 0 23600001 24000000 C
04 0 24300001 25500000 C
04 1 1 700000 C
04 1 800001 2400000 C
04 1 2500001 2700000 Mic
04 1 2800001 3000000 C
04 1 3400001 3600000 C
04 1 5600001 14900000 C
04 1 15500001 18100000 C
04 1 18300001 20400000 C
04 1 20500001 22200000 C
04 1 22300001 23400000 C
04 1 23600001 24000000 C
04 1 24300001 25500000 C
04 2 1 700000 Mic
04 2 800001 2400000 Mic
04 2 2500001 2700000 Mic
04 2 2800001 3000000 Mic
04 2 3400001 3600000 Mic
04 2 5600001 14900000 Mic
04 2 15500001 18100000 Mic
04 2 18300001 20400000 Mic
04 2 20500001 22200000 Mic
04 2 22300001 23400000 Mic
04 2 23600001 24000000 Mic
04 2 24300001 25500000 Mic
05 0 1 12800000 C
05 0 15000001 21100000 C
05 0 24200001 24600000 C
05 0 25800001 27200000 C
05 0 29500001 37900000 C
05 0 38200001 38600000 C
05 0 38700001 39300000 C
05 0 39600001 43200000 C
05 1 1 12800000 C
05 1 15000001 21100000 C
05 1 24200001 24600000 C
05 1 25800001 27200000 C
05 1 29500001 37900000 C
05 1 38200001 38600000 C
05 1 38700001 39300000 C
05 1 39600001 43200000 C
05 2 1 12800000 Mic
05 2 15000001 21100000 Mic
05 2 24200001 24600000 Mic
05 2 25800001 27200000 Mic
05 2 29500001 37900000 Mic
05 2 38200001 38600000 Mic
05 2 38700001 39300000 Mic
05 2 39600001 43200000 Mic
06 0 1 2000000 C
06 0 2600001 3100000 C
06 0 3900001 12100000 C
06 0 12400001 16900000 C
06 0 17100001 18100000 C
06 0 18200001 20400000 C
06 0 20500001 21200000 C
06 0 21800001 22400000 C
06 0 22800001 23400000 C
06 0 23600001 25300000 C
06 1 1 2000000 C
06 1 2600001 3100000 C
06 1 3900001 12100000 C
06 1 12400001 16900000 C
06 1 17100001 18100000 C
06 1 18200001 20400000 C
06 1 20500001 21200000 C
06 1 21800001 22400000 C
06 1 22800001 23400000 C
06 1 23600001 25300000 C
06 2 1 2000000 Mic
06 2 2600001 3100000 Mic
06 2 3900001 12100000 Mic
06 2 12400001 16900000 Mic
06 2 17100001 18100000 Mic
06 2 18200001 20400000 Mic
06 2 20500001 21200000 Mic
06 2 21800001 22400000 Mic
06 2 22800001 23400000 Mic
06 2 23600001 25300000 Mic
07 0 1 2100000 C
07 0 2300001 3600000 C
07 0 3800001 5100000 C
07 0 5400001 5600000 C
07 0 5700001 10500000 C
07 0 11300001 14900000 C
07 0 16200001 21000000 C
07 1 1 2100000 C
07 1 2300001 3600000 C
07 1 3800001 5100000 C
07 1 5400001 5600000 C
07 1 5700001 10500000 C
07 1 11300001 14900000 C
07 1 16200001 21000000 C
07 2 1 2100000 Mic
07 2 2300001 3600000 Mic
07 2 3800001 5100000 Mic
07 2 5400001 5600000 Mic
07 2 5700001 10500000 Mic
07 2 11300001 14900000 Mic
07 2 16200001 21000000 Mic
08 0 200001 2900000 C
08 0 3000001 3200000 C
08 0 4000001 5500000 C
08 0 5700001 6900000 C
08 0 7000001 8800000 C
08 0 9800001 18800000 C
08 0 19000001 21800000 C
08 0 21900001 25000000 C
08 1 200001 2900000 C
08 1 3000001 3200000 C
08 1 4000001 5500000 C
08 1 5700001 6900000 C
08 1 7000001 8800000 C
08 1 9800001 18800000 C
08 1 19000001 21800000 C
08 1 21900001 25000000 C
08 2 200001 2900000 Mic
08 2 3000001 3200000 Mic
08 2 4000001 5500000 Mic
08 2 5700001 6900000 Mic
08 2 7000001 8800000 Mic
08 2 9800001 18800000 Mic
08 2 19000001 21800000 Mic
08 2 21900001 25000000 Mic
09 0 1 2000000 C
09 0 2300001 2500000 C
09 0 3000001 4200000 C
09 0 4600001 7200000 C
09 0 7500001 26300000 C
09 0 26500001 27600000 C
09 0 27800001 29800000 C
09 0 30100001 31200000 C
09 1 1 2000000 C
09 1 2300001 2500000 C
09 1 3000001 4200000 C
09 1 4600001 7200000 C
09 1 7500001 26300000 C
09 1 26500001 27600000 C
09 1 27800001 29800000 C
09 1 30100001 31200000 C
09 2 1 2000000 Mic
09 2 2300001 2500000 Mic
09 2 3000001 4200000 Mic
09 2 4600001 7200000 Mic
09 2 7500001 26300000 Mic
09 2 26500001 27600000 Mic
09 2 27800001 29800000 Mic
09 2 30100001 31200000 Mic
