01 0 1 21018 un
01 0 21019 28960423 BB
01 0 28960424 29070452 un
01 1 1 21018 un
01 1 21019 28960423 AA
01 1 28960424 29070452 un
01 2 1 21018 un
01 2 21019 28960423 BB
01 2 28960424 29070452 un
02 0 1 1560258 un
02 0 1560259 29438438 BB
02 0 29438439 29511734 un
02 1 1 1560258 un
02 1 1560259 29438438 BB
02 1 29438439 29511734 un
02 2 1 1560258 un
02 2 1560259 7134966 BB
02 2 9759435 9759435 AA
02 2 11188094 16770803 BB
02 2 17215216 17215216 un
02 2 17564421 21087015 BB
02 2 21659741 21659741 un
02 2 21910480 26375001 BB
02 2 26697917 26697917 AA
02 2 27108958 29438438 BB
02 2 29438439 29511734 un
03 0 1 108193 un
03 0 108194 276830 un
03 0 697045 1812841 BB
03 0 2451963 2451963 un
03 0 2791873 35001189 BB
03 0 35001190 35020413 un
03 1 1 108193 un
03 1 108194 35001189 BB
03 1 35001190 35020413 un
03 2 1 108193 un
03 2 108194 35001189 AA
03 2 35001190 35020413 un
04 0 1 60910 un
04 0 60911 15183269 BB
04 0 16229038 16229038 un
04 0 16937696 35978342 BB
04 0 36579029 37039672 un
04 0 37039673 37105743 un
04 1 1 60910 un
04 1 60911 37039672 BB
04 1 37039673 37105743 un
04 2 1 60910 un
04 2 60911 37039672 AA
04 2 37039673 37105743 un
05 0 1 41153 un
05 0 41154 1302542 BB
05 0 2115810 2115810 un
05 0 2621726 5715976 BB
05 0 6193779 6193779 un
05 0 6595454 10357565 BB
05 0 10860390 11439714 un
05 0 15192427 41717309 BB
05 0 41717310 41853232 un
05 1 1 41153 un
05 1 41154 41717309 AA
05 1 41717310 41853232 un
05 2 1 41153 un
05 2 41154 41717309 BB
05 2 41717310 41853232 un
06 0 1 97901 un
06 0 97902 37576547 BB
06 0 37576548 37593364 un
06 1 1 97901 un
06 1 97902 34542847 AA
06 1 35183642 35183642 un
06 1 35793781 37576547 BB
06 1 37576548 37593364 un
06 2 1 97901 un
06 2 97902 6701813 BB
06 2 7013687 7013687 un
06 2 7327453 11782545 BB
06 2 12313829 12313829 un
06 2 13118616 37576547 BB
06 2 37576548 37593364 un
07 0 1 64699 un
07 0 64700 20617953 BB
07 0 23304902 25240312 un
07 0 27171200 30850154 BB
07 0 31533804 34174755 AA
07 0 34609282 34609282 un
07 0 34738135 35021330 BB
07 0 35021331 35028021 un
07 1 1 64699 un
07 1 64700 35021330 BB
07 1 35021331 35028021 un
07 2 1 64699 un
07 2 64700 35021330 BB
07 2 35021331 35028021 un
08 0 1 60354 un
08 0 60355 44859922 AA
08 0 44859923 44889171 un
08 1 1 60354 un
08 1 60355 44859922 BB
08 1 44859923 44889171 un
08 2 1 60354 un
08 2 60355 42246487 BB
08 2 42708357 42708357 un
08 2 43138198 44859922 BB
08 2 44859923 44889171 un
09 0 1 51112 un
09 0 51113 41302964 BB
09 0 41302965 41306725 un
09 1 1 51112 un
09 1 51113 41302964 AA
09 1 41302965 41306725 un
09 2 1 51112 un
09 2 51113 306207 un
09 2 760061 2941344 AA
09 2 3338825 3338825 un
09 2 3572705 3854139 AA
09 2 4255384 4516292 un
09 2 5135479 5604959 BB
09 2 6073053 6073053 un
09 2 6851801 11238852 BB
09 2 11881021 11881021 un
09 2 12509810 13402682 BB
09 2 17767043 17767043 un
09 2 18789854 29500548 BB
09 2 32126972 32126972 un
09 2 33697625 38079755 BB
09 2 38962107 38962107 un
09 2 39776448 41302964 AA
09 2 41302965 41306725 un
10 0 1 520082 un
10 0 520083 37602151 BB
10 0 37602152 37674811 un
10 1 1 520082 un
10 1 520083 30582426 AA
10 1 30905149 31175560 un
10 1 31446720 33289763 BB
10 1 33708844 33708844 un
10 1 34256260 34256260 BB
10 1 34710550 34710550 un
10 1 35228730 35943934 BB
10 1 36440284 37143685 un
10 1 37489468 37602151 BB
10 1 37602152 37674811 un
10 2 1 520082 un
10 2 520083 9272086 BB
10 2 11246513 11246513 un
10 2 13652532 22979509 BB
10 2 23506065 23506065 un
10 2 24236603 24826912 BB
10 2 25315738 25315738 un
10 2 25784806 25784806 BB
10 2 26152356 26152356 un
10 2 26973839 30156480 BB
10 2 30582426 30582426 un
10 2 30905149 37602151 BB
10 2 37602152 37674811 un
11 0 1 182112 un
11 0 182113 27913438 BB
11 0 27913439 27954350 un
11 1 1 182112 un
11 1 182113 1178712 BB
11 1 1480767 1480767 un
11 1 2064006 10903245 BB
11 1 14839377 19184272 un
11 1 20366032 24165700 BB
11 1 24839444 24839444 un
11 1 25298902 27913438 BB
11 1 27913439 27954350 un
11 2 1 182112 un
11 2 182113 27913438 BB
11 2 27913439 27954350 un
