01 0 400001 1000000 C
01 0 2500001 2600000 C
01 0 2900001 3800000 C
01 0 4100001 5200000 C
01 0 9400001 10600000 C
01 0 13300001 16700000 C
01 0 16800001 18600000 C
01 0 20200001 21100000 C
01 0 22800001 23000000 C
01 0 23100001 23700000 C
01 0 24200001 25100000 C
01 0 25300001 26900000 C
01 0 27300001 28500000 C
01 0 28600001 28800000 C
01 1 400001 1000000 Mic
01 1 2500001 2600000 Mic
01 1 2900001 3800000 Mic
01 1 4100001 5200000 Mic
01 1 9400001 10600000 Mic
01 1 13300001 16700000 Mic
01 1 16800001 18600000 Mic
01 1 20200001 21100000 Mic
01 1 22800001 23000000 Mic
01 1 23100001 23700000 Mic
01 1 24200001 25100000 Mic
01 1 25300001 26900000 Mic
01 1 27300001 28500000 Mic
01 1 28600001 28800000 Mic
02 0 3000001 4100000 C
02 0 5300001 6200000 C
02 0 9300001 10500000 C
02 0 11500001 11700000 C
02 0 11900001 12500000 C
02 0 13400001 13600000 C
02 0 14100001 14500000 C
02 0 15800001 16300000 C
02 0 17400001 21800000 C
02 0 22000001 22200000 C
02 0 23300001 24600000 C
02 0 25300001 25900000 C
02 0 30300001 30900000 C
02 0 31100001 32100000 C
02 0 32500001 33700000 C
02 0 33800001 34300000 C
02 0 35200001 35400000 C
02 0 35600001 36200000 C
02 1 3000001 4100000 Mic
02 1 5300001 6200000 Mic
02 1 9300001 10500000 Mic
02 1 11500001 11700000 Mic
02 1 11900001 12500000 Mic
02 1 13400001 13600000 Mic
02 1 14100001 14500000 Mic
02 1 15800001 16300000 Mic
02 1 17400001 21800000 Mic
02 1 22000001 22200000 Mic
02 1 23300001 24600000 Mic
02 1 25300001 25900000 Mic
02 1 30300001 30900000 Mic
02 1 31100001 32100000 Mic
02 1 32500001 33700000 Mic
02 1 33800001 34300000 Mic
02 1 35200001 35400000 Mic
02 1 35600001 36200000 Mic
03 0 8000001 8300000 C
03 0 9000001 10200000 C
03 0 11200001 12500000 C
03 0 14100001 16800000 C
03 0 16900001 17800000 C
03 0 20600001 23500000 C
03 0 25500001 25700000 C
03 0 28100001 29100000 C
03 0 29500001 33000000 C
03 0 33300001 37200000 C
03 0 38000001 39500000 C
03 0 40300001 40800000 C
03 0 41700001 42000000 C
03 0 42200001 42300000 C
03 0 43500001 43600000 C
03 0 46200001 46700000 C
03 0 46800001 48000000 C
03 0 48100001 49000000 C
03 0 49200001 49800000 C
03 0 50100001 50200000 C
03 1 8000001 8300000 Mic
03 1 9000001 10200000 Mic
03 1 11200001 12500000 Mic
03 1 14100001 16800000 Mic
03 1 16900001 17800000 Mic
03 1 20600001 23500000 Mic
03 1 25500001 25700000 Mic
03 1 28100001 29100000 Mic
03 1 29500001 33000000 Mic
03 1 33300001 37200000 Mic
03 1 38000001 39500000 Mic
03 1 40300001 40800000 Mic
03 1 41700001 42000000 Mic
03 1 42200001 42300000 Mic
03 1 43500001 43600000 Mic
03 1 46200001 46700000 Mic
03 1 46800001 48000000 Mic
03 1 48100001 49000000 Mic
03 1 49200001 49800000 Mic
03 1 50100001 50200000 Mic
04 0 400001 700000 C
04 0 1000001 1700000 C
04 0 2100001 3900000 C
04 0 5900001 6200000 C
04 0 7100001 10800000 C
04 0 13000001 14500000 C
04 0 14800001 16000000 C
04 0 16600001 16800000 C
04 0 19000001 19200000 C
04 0 19300001 19500000 C
04 0 20800001 21200000 C
04 0 22500001 22800000 C
04 0 23400001 23800000 C
04 0 24600001 24800000 C
04 0 25300001 25500000 C
04 1 400001 700000 Mic
04 1 1000001 1700000 Mic
04 1 2100001 3900000 Mic
04 1 5900001 6200000 Mic
04 1 7100001 10800000 Mic
04 1 13000001 14500000 Mic
04 1 14800001 16000000 Mic
04 1 16600001 16800000 Mic
04 1 19000001 19200000 Mic
04 1 19300001 19500000 Mic
04 1 20800001 21200000 Mic
04 1 22500001 22800000 Mic
04 1 23400001 23800000 Mic
04 1 24600001 24800000 Mic
04 1 25300001 25500000 Mic
05 0 500001 1000000 C
05 0 3000001 3600000 C
05 0 15700001 17100000 C
05 0 17600001 18200000 C
05 0 19100001 21100000 C
05 0 22600001 24200000 C
05 0 30600001 31400000 C
05 0 32700001 32800000 C
05 0 33700001 34700000 C
05 0 35000001 35200000 C
05 0 36400001 36800000 C
05 0 37600001 37800000 C
05 0 37900001 38500000 C
05 0 41800001 42200000 C
05 0 42900001 43100000 C
05 1 500001 1000000 Mic
05 1 3000001 3600000 Mic
05 1 15700001 17100000 Mic
05 1 17600001 18200000 Mic
05 1 19100001 21100000 Mic
05 1 22600001 24200000 Mic
05 1 30600001 31400000 Mic
05 1 32700001 32800000 Mic
05 1 33700001 34700000 Mic
05 1 35000001 35200000 Mic
05 1 36400001 36800000 Mic
05 1 37600001 37800000 Mic
05 1 37900001 38500000 Mic
05 1 41800001 42200000 Mic
05 1 42900001 43100000 Mic
06 0 600001 1900000 C
06 0 8800001 9700000 C
06 0 12700001 13200000 C
06 0 14400001 15000000 C
06 0 15100001 15500000 C
06 0 16600001 16900000 C
06 0 17400001 17500000 C
06 0 17900001 18000000 C
06 0 18200001 18400000 C
06 0 18700001 18800000 C
06 0 21200001 21300000 C
06 0 22000001 22700000 C
06 0 24200001 25000000 C
06 0 25200001 25300000 C
06 1 600001 1900000 Mic
06 1 8800001 9700000 Mic
06 1 12700001 13200000 Mic
06 1 14400001 15000000 Mic
06 1 15100001 15500000 Mic
06 1 16600001 16900000 Mic
06 1 17400001 17500000 Mic
06 1 17900001 18000000 Mic
06 1 18200001 18400000 Mic
06 1 18700001 18800000 Mic
06 1 21200001 21300000 Mic
06 1 22000001 22700000 Mic
06 1 24200001 25000000 Mic
06 1 25200001 25300000 Mic
07 0 500001 700000 C
07 0 1300001 2200000 C
07 0 3800001 4600000 C
07 0 5100001 5400000 C
07 0 5900001 6300000 C
07 0 7000001 7100000 C
07 0 7200001 13700000 C
07 0 14900001 15100000 C
07 0 17100001 17900000 C
07 0 19400001 21000000 C
07 1 500001 700000 Mic
07 1 1300001 2200000 Mic
07 1 3800001 4600000 Mic
07 1 5100001 5400000 Mic
07 1 5900001 6300000 Mic
07 1 7000001 7100000 Mic
07 1 7200001 13700000 Mic
07 1 14900001 15100000 Mic
07 1 17100001 17900000 Mic
07 1 19400001 21000000 Mic
08 0 200001 600000 C
08 0 800001 2000000 C
08 0 2200001 6900000 C
08 0 7000001 8800000 C
08 0 9800001 10600000 C
08 0 12500001 18200000 C
08 0 19300001 20200000 C
08 0 21100001 21600000 C
08 0 22000001 23500000 C
08 0 23800001 24200000 C
08 0 24900001 25000000 C
08 1 200001 600000 Mic
08 1 800001 2000000 Mic
08 1 2200001 6900000 Mic
08 1 7000001 8800000 Mic
08 1 9800001 10600000 Mic
08 1 12500001 18200000 Mic
08 1 19300001 20200000 Mic
08 1 21100001 21600000 Mic
08 1 22000001 23500000 Mic
08 1 23800001 24200000 Mic
08 1 24900001 25000000 Mic
09 0 1 600000 C
09 0 1100001 1400000 C
09 0 1500001 1700000 C
09 0 2400001 3000000 C
09 0 6300001 6500000 C
09 0 7200001 7500000 C
09 0 10400001 12000000 C
09 0 12500001 13000000 C
09 0 13900001 14300000 C
09 0 28500001 31000000 C
09 1 1 600000 Mic
09 1 1100001 1400000 Mic
09 1 1500001 1700000 Mic
09 1 2400001 3000000 Mic
09 1 6300001 6500000 Mic
09 1 7200001 7500000 Mic
09 1 10400001 12000000 Mic
09 1 12500001 13000000 Mic
09 1 13900001 14300000 Mic
09 1 28500001 31000000 Mic
