01 0 1 3745640 g4
01 0 3746607 3749225 g7
01 0 3749246 6631363 g4
01 0 6631413 7243422 g7
01 0 7243577 7264976 g4
01 0 7265002 7265002 g7
01 0 7265041 7273751 g4
01 0 7273814 7325351 g7
01 0 7325359 7333205 g4
01 0 7349953 7349961 g7
01 0 7349965 7350288 g4
01 0 7350400 7376421 g7
01 0 7376436 7377276 g4
01 0 7379813 7383124 g7
01 0 7383183 8036815 g4
01 0 8036878 8294495 g3
01 0 8310363 10316420 g4
01 0 10317101 10435243 g3
01 0 10435294 10444154 g4
01 0 10444211 10445072 g3
01 0 10445261 29070452 g4
01 1 1 4267979 g6
01 1 4268978 4277473 g7
01 1 4277486 4299027 g6
01 1 4299060 5003023 g7
01 1 5003203 5878778 g3
01 1 5878842 5878863 g7
01 1 5878978 5892803 g3
01 1 5893409 5893635 g7
01 1 5893654 5929711 g3
01 1 5930960 5931526 g7
01 1 5931598 5940633 g3
01 1 5940684 5971363 g7
01 1 5971407 6310459 g3
01 1 6310488 6311016 g7
01 1 6311043 6335958 g3
01 1 6335970 6360428 g7
01 1 6361801 29070452 g3
02 0 1 28938504 g6
02 0 28938517 29511734 g3
02 1 1 16472222 g6
02 1 16472226 17009975 g7
02 1 17010035 17033811 g4
02 1 17033862 17056145 g7
02 1 17056364 17350191 g4
02 1 17350260 17614405 g7
02 1 17614916 22095321 g4
02 1 22095334 22398162 g7
02 1 22398165 22401828 g6
02 1 22401837 22402077 g7
02 1 22404900 22508294 g6
02 1 22508349 22508945 g7
02 1 22508957 22615380 g6
02 1 22615386 22615804 g7
02 1 22616071 22616191 g6
02 1 22617642 22617642 g7
02 1 22617681 22617681 g6
02 1 22617692 22617822 g7
02 1 22617840 22845778 g6
02 1 22850437 22871666 g7
02 1 22871717 22906220 g6
02 1 22906345 22906345 g7
02 1 22906422 23139443 g6
02 1 23139479 23139727 g7
02 1 23139758 23139851 g6
02 1 23139931 23140036 g7
02 1 23140049 23140118 g6
02 1 23140185 23149934 g7
02 1 23150116 23173739 g6
02 1 23175680 23186774 g7
02 1 23186828 23192674 g6
02 1 23192686 24075892 g7
02 1 24075901 24208027 g6
02 1 24208063 24218034 g7
02 1 24220835 25118947 g6
02 1 25119037 25119405 g7
02 1 25119430 25158100 g6
02 1 25158259 25706250 g7
02 1 25706300 25787339 g4
02 1 25806904 25810341 g7
02 1 25810604 25840719 g4
02 1 25840734 25859109 g7
02 1 25859128 25907712 g4
02 1 25907725 25985761 g7
02 1 25986029 26313925 g4
02 1 26313957 26313999 g7
02 1 26314014 27644210 g4
02 1 27644267 27649160 g7
02 1 27649174 27659002 g4
02 1 27660349 27669821 g7
02 1 27670045 28847019 g4
02 1 28847077 28900977 g3
02 1 28901170 28922443 g7
02 1 28922639 28938345 g3
02 1 28938352 28938453 g4
02 1 28938469 28938504 g7
02 1 28938517 28938774 g4
02 1 28940356 29511734 g6
03 0 1 6976761 g4
03 0 6976770 7049242 g7
03 0 7049265 7071750 g4
03 0 7071911 7071959 g7
03 0 7072029 7072029 g4
03 0 7072088 7354370 g7
03 0 7354376 25463116 g4
03 0 25463193 25475900 g7
03 0 25475907 25475907 g4
03 0 25475980 25777319 g7
03 0 25831254 25859670 g4
03 0 25859682 25886136 g7
03 0 25888560 29201688 g4
03 0 29201704 29201807 g7
03 0 29201819 29202036 g4
03 0 29202726 29259970 g7
03 0 29259988 35020413 g4
03 1 1 6597113 g6
03 1 6597119 7357519 g7
03 1 7357543 24291770 g6
03 1 24291779 24293017 g3
03 1 24293105 24293157 g7
03 1 24293682 24293682 g6
03 1 24293721 24293721 g7
03 1 24293839 24322843 g3
03 1 24322847 24322919 g7
03 1 24323044 24728124 g3
03 1 24728252 24801572 g7
03 1 24801575 24802256 g3
03 1 24802291 24805675 g7
03 1 24806066 24812306 g3
03 1 24812319 24895984 g7
03 1 24895991 24899396 g3
03 1 24899576 24919134 g7
03 1 24920644 24937214 g3
03 1 24939434 25071147 g7
03 1 25071178 25076629 g3
03 1 25076632 25076764 g7
03 1 25076777 25077021 g3
03 1 25077036 25116009 g7
03 1 25116032 25926211 g3
03 1 25926254 25976624 g7
03 1 25976647 28009924 g3
03 1 28009985 28010237 g7
03 1 28010760 28010760 g3
03 1 28010788 28172101 g7
03 1 28172179 28199181 g2
03 1 28199206 28214039 g7
03 1 28214254 28399619 g2
03 1 28399777 28399807 g7
03 1 28399983 28400015 g2
03 1 28400076 29262381 g7
03 1 29263038 29266805 g3
03 1 29266926 29337270 g7
03 1 29337325 29337643 g3
03 1 29337700 29350198 g7
03 1 29350345 31780595 g3
03 1 31780984 31822154 g7
03 1 31822410 31847742 g3
03 1 31847899 32591307 g7
03 1 32592063 32594753 g4
03 1 32595748 32843828 g7
03 1 32854895 32865476 g4
03 1 32865513 33005868 g7
03 1 33005903 33006625 g4
03 1 33006640 33008024 g7
03 1 33008051 33008051 g3
03 1 33008058 33177603 g7
03 1 33177608 35020413 g3
04 0 1 935220 g6
04 0 935239 935239 g3
04 0 935269 951156 g6
04 0 967936 1199359 g7
04 0 1199365 1202508 g6
04 0 1214550 1214550 g7
04 0 1214564 1219572 g3
04 0 1219593 1221739 g7
04 0 1221742 1238656 g3
04 0 1238844 1241870 g7
04 0 1241921 1262386 g3
04 0 1262984 1262987 g7
04 0 1263023 3860822 g3
04 0 3860826 3860826 g7
04 0 3860882 3869663 g3
04 0 3869684 3892816 g7
04 0 3893542 3893596 g3
04 0 3893647 3893970 g7
04 0 3901096 3996730 g3
04 0 3997178 4188281 g7
04 0 4188404 4188404 g3
04 0 4188479 4188896 g7
04 0 4189160 5235448 g3
04 0 5235452 5235452 g7
04 0 5235470 5238473 g3
04 0 5238551 5238551 g7
04 0 5238620 5252028 g3
04 0 5252036 5263031 g7
04 0 5263088 5308057 g3
04 0 5308085 5308301 g7
04 0 5308313 5387701 g3
04 0 5387707 5667475 g7
04 0 5712954 5730937 g3
04 0 5730954 5731128 g7
04 0 5731174 7967664 g3
04 0 7967706 8040999 g7
04 0 8041414 8345556 g3
04 0 8345560 9195212 g7
04 0 9196532 9199600 g6
04 0 9199694 9211232 g7
04 0 9211328 9626184 g6
04 0 9626212 9626395 g7
04 0 9626464 9632568 g6
04 0 9632580 9790940 g7
04 0 9792158 9838426 g6
04 0 9838480 9860214 g7
04 0 9860217 9909631 g6
04 0 9910731 9944506 g7
04 0 9944524 9962362 g6
04 0 9962365 9962365 g7
04 0 9962841 9962910 g6
04 0 9962934 10143098 g7
04 0 10143108 11390004 g6
04 0 11391680 16645573 g7
04 0 16647367 16929995 g6
04 0 16930029 16932055 g7
04 0 16933432 21144518 g6
04 0 21144955 21258562 g7
04 0 21277935 21490286 g6
04 0 21490335 21558720 g7
04 0 21558776 22063814 g6
04 0 22063830 22063860 g7
04 0 22063931 22145813 g6
04 0 22145834 22146293 g7
04 0 22146332 22146332 g6
04 0 22146719 23430217 g7
04 0 23430415 23669776 g6
04 0 23669906 23691869 g7
04 0 23691887 23691899 g6
04 0 23691949 23767967 g7
04 0 23770048 27425597 g6
04 0 27425679 27475251 g7
04 0 27475277 27483700 g6
04 0 27483726 27485604 g7
04 0 27488284 27546852 g6
04 0 27547011 27566884 g7
04 0 27567752 27568579 g6
04 0 27568625 28108430 g7
04 0 28109689 28111061 g6
04 0 28111093 28111093 g7
04 0 28111190 34336789 g6
04 0 34336797 34634383 g7
04 0 34634391 35116473 g6
04 0 35116477 35239233 g7
04 0 35239236 35299235 g6
04 0 35299378 35346230 g7
04 0 35346397 35346482 g6
04 0 35375872 35375872 g7
04 0 35375921 35411186 g6
04 0 35411414 35484700 g7
04 0 35484815 35535808 g6
04 0 35535819 35536203 g7
04 0 35536369 35543305 g6
04 0 35543317 36297779 g7
04 0 36297819 37105743 g6
04 1 1 2369606 g6
04 1 2369809 2370837 g7
04 1 2370882 2371829 g6
04 1 2371840 2371840 g4
04 1 2371952 2474922 g6
04 1 2474953 2474953 g7
04 1 2475054 2524922 g6
04 1 2553671 2627044 g7
04 1 2627146 2867066 g4
04 1 2867075 2867727 g3
04 1 2867765 4750363 g4
04 1 4750366 4750418 g7
04 1 4750437 4751277 g4
04 1 4751327 5317885 g7
04 1 5318054 5327815 g4
04 1 5327836 5328673 g7
04 1 5328683 5387824 g4
04 1 5394079 5398129 g7
04 1 5441108 11525488 g4
04 1 11525583 11568377 g7
04 1 11572225 11595434 g4
04 1 11595447 11643723 g7
04 1 11643744 11646406 g4
04 1 11646437 14689285 g7
04 1 14689358 14703459 g4
04 1 14703607 14919411 g7
04 1 14919457 15049175 g4
04 1 15049202 15053762 g7
04 1 15181509 15471753 g4
04 1 15472105 15604205 g7
04 1 15604210 15610043 g4
04 1 15785674 15950634 g7
04 1 15951074 15951347 g4
04 1 15952824 16550500 g7
04 1 16552061 23665043 g4
04 1 23667409 23669763 g7
04 1 23669766 23706602 g4
04 1 23706620 23766623 g7
04 1 23766641 23983033 g4
04 1 23989659 24068237 g7
04 1 24074285 24125630 g4
04 1 24125695 24140971 g7
04 1 24141169 24141420 g4
04 1 24141570 24141584 g7
04 1 24141597 24150286 g4
04 1 24150311 24150311 g7
04 1 24150576 36063436 g4
04 1 36063448 36063574 g7
04 1 36063577 36063577 g4
04 1 36063592 36109698 g7
04 1 36109708 36111699 g4
04 1 36111725 36145364 g7
04 1 36183959 36274440 g4
04 1 36274446 36360374 g7
04 1 36360399 37105743 g4
05 0 1 399327 g7
05 0 400908 644469 g4
05 0 644516 646300 g7
05 0 646315 646561 g4
05 0 646579 646870 g7
05 0 646875 11988116 g4
05 0 11988125 12163954 g7
05 0 12163996 12163996 g4
05 0 12164038 14626120 g7
05 0 14626129 40312823 g4
05 0 40333494 40359079 g3
05 0 40359193 40427172 g4
05 0 40427308 40579928 g3
05 0 40579946 41853232 g4
05 1 1 770610 g7
05 1 770647 33660289 g6
05 1 33660328 34315954 g7
05 1 34316027 34339808 g3
05 1 34339811 34339811 g7
05 1 34339952 34339952 g3
05 1 34340056 34362263 g7
05 1 34362326 34365868 g3
05 1 34365895 34437848 g7
05 1 34437993 34589105 g3
05 1 34589146 34707703 g7
05 1 34707709 39376854 g3
05 1 39376896 39435438 g7
05 1 39435758 39435866 g3
05 1 39435908 39627294 g7
05 1 39627306 40967185 g3
05 1 40967209 40984487 g7
05 1 40984703 41076124 g6
05 1 41076163 41096646 g7
05 1 41096661 41853232 g6
06 0 1 8492719 g6
06 0 8492727 9006718 g7
06 0 9006787 9342688 g6
06 0 9342709 9342916 g7
06 0 9342942 9556787 g6
06 0 9556979 9565928 g7
06 0 9565935 9569994 g6
06 0 9570047 9668866 g7
06 0 9681398 9808871 g6
06 0 9808904 9810282 g7
06 0 9810298 9810419 g6
06 0 9810581 10092238 g7
06 0 10092277 10140717 g6
06 0 10140727 10141293 g7
06 0 10141319 10259827 g6
06 0 10260025 10379354 g7
06 0 10379447 12302132 g6
06 0 12302341 12302341 g7
06 0 12304209 12315100 g6
06 0 12321250 12321250 g7
06 0 12321269 16169468 g6
06 0 16169498 17773730 g7
06 0 17773771 17773771 g6
06 0 17775113 17775215 g7
06 0 17775273 17827182 g6
06 0 17827191 17957969 g7
06 0 17958097 17971292 g6
06 0 17971297 19574797 g7
06 0 19574812 30002712 g6
06 0 30002787 30373990 g7
06 0 30394017 31881141 g3
06 0 31881170 32295585 g7
06 0 32295625 32301377 g3
06 0 32301380 32307151 g7
06 0 32307154 32308501 g3
06 0 32308558 32318826 g7
06 0 32319012 32343298 g3
06 0 32343337 32419018 g7
06 0 32420075 32420075 g3
06 0 32420087 32420321 g7
06 0 32420527 34752837 g3
06 0 34752930 34752930 g7
06 0 34752966 34815136 g3
06 0 34815190 34815928 g7
06 0 34816069 34816213 g3
06 0 34863143 34863247 g7
06 0 34863277 34895524 g3
06 0 34895608 34896944 g7
06 0 34896950 34907773 g6
06 0 34907785 34952286 g7
06 0 34952337 35189369 g6
06 0 35189378 35237201 g7
06 0 35237207 37593364 g6
06 1 1 2732474 g4
06 1 2732501 2741649 g7
06 1 2748612 2750353 g4
06 1 2750383 2983471 g7
06 1 2983737 6735601 g6
06 1 6735613 6824342 g7
06 1 6824354 6849112 g4
06 1 6849148 6850127 g7
06 1 6850136 6852736 g4
06 1 6852835 6854092 g7
06 1 6854101 7388706 g4
06 1 7388726 7600544 g7
06 1 7600586 7600586 g4
06 1 7600726 7606632 g7
06 1 7692637 7692746 g4
06 1 7692750 7692758 g7
06 1 7692928 7702694 g4
06 1 7702867 7764322 g7
06 1 7765885 28421698 g4
06 1 28421707 28966108 g7
06 1 28966449 32534866 g4
06 1 32534914 32942193 g7
06 1 32942208 32942616 g6
06 1 32944990 32948570 g7
06 1 32948615 32992510 g6
06 1 32993375 32993409 g7
06 1 32993422 33705716 g6
06 1 33705726 33705886 g7
06 1 33705898 33705898 g6
06 1 33705936 33719460 g7
06 1 33719541 34391075 g6
06 1 34391158 34465698 g7
06 1 34465809 34465884 g6
06 1 34465899 34505813 g7
06 1 34546716 34628122 g6
06 1 34628132 34628132 g7
06 1 34628192 34631624 g6
06 1 34631633 34631633 g7
06 1 34631670 34632389 g6
06 1 34632518 34897352 g7
06 1 34899301 34899573 g3
06 1 34899585 34906788 g7
06 1 34907070 34915098 g3
06 1 34915106 35819678 g7
06 1 35819753 36102073 g6
06 1 36102636 36103563 g7
06 1 36118941 36140270 g6
06 1 36140292 37593364 g7
07 0 1 35028021 g6
07 1 1 1449581 g7
07 1 1455185 1567182 g6
07 1 1567224 1598699 g7
07 1 1598754 2871937 g6
07 1 2876589 3859335 g7
07 1 3859464 3933213 g6
07 1 3934784 3998749 g7
07 1 3999400 4073096 g6
07 1 4073132 4074030 g7
07 1 4090753 4165458 g6
07 1 4165689 4204132 g7
07 1 4207137 4207422 g6
07 1 4207456 4282694 g7
07 1 4306168 4306329 g6
07 1 4306600 4309011 g7
07 1 4309047 4582500 g6
07 1 4582591 4584121 g7
07 1 4584166 4584307 g6
07 1 4584494 4674885 g7
07 1 4674999 4677310 g6
07 1 4677322 4769759 g7
07 1 4770023 4774325 g6
07 1 4774342 4775158 g7
07 1 4775855 4775868 g6
07 1 4775874 4781499 g7
07 1 4782731 4933585 g6
07 1 4933660 5106682 g7
07 1 5106690 5144522 g6
07 1 5144719 5803817 g7
07 1 5804020 5804459 g6
07 1 5827317 5827555 g7
07 1 5827581 5827676 g6
07 1 5827697 5831474 g7
07 1 5831883 5834943 g6
07 1 5848566 5848566 g7
07 1 5848822 6675232 g6
07 1 6676177 6677412 g7
07 1 6677663 6691084 g6
07 1 6691105 7087503 g7
07 1 7087673 7372321 g6
07 1 7372473 7477620 g7
07 1 7477661 7571060 g6
07 1 7571647 7640481 g7
07 1 7640499 7916509 g6
07 1 7916745 10467462 g7
07 1 10467800 10471593 g6
07 1 10473408 10502704 g7
07 1 10502732 10709953 g6
07 1 10710000 10733034 g7
07 1 10733067 10735167 g6
07 1 10735174 10880179 g7
07 1 10880203 11000121 g6
07 1 11000128 11007915 g7
07 1 11007925 11040467 g6
07 1 11040493 11041119 g7
07 1 11041128 23331824 g6
07 1 23331845 27957336 g7
07 1 27957490 27958390 g3
07 1 27958406 28379504 g7
07 1 28379588 29643642 g3
07 1 29643765 29954471 g7
07 1 29954498 32483339 g6
07 1 32483345 32494874 g7
07 1 32495057 32495057 g6
07 1 32495063 33727549 g7
07 1 33727768 35028021 g6
08 0 1 4142723 g4
08 0 4146637 4917638 g3
08 0 4917712 4917746 g7
08 0 4917789 5081560 g3
08 0 5104534 5109303 g4
08 0 5122652 5122994 g3
08 0 5123041 5123153 g4
08 0 5123189 5179011 g3
08 0 5179135 5304495 g4
08 0 5304519 5306873 g3
08 0 5307414 5307516 g4
08 0 5307560 5307560 g3
08 0 5307568 28706446 g4
08 0 28706455 33174895 g7
08 0 33174901 42486527 g4
08 0 42487808 42530941 g7
08 0 42532257 42535186 g4
08 0 42570725 42600587 g7
08 0 42600626 42600626 g4
08 0 42600670 42603268 g7
08 0 42603289 42725977 g4
08 0 42726116 43334027 g7
08 0 43337025 44889171 g6
08 1 1 1420641 g7
08 1 1420731 4917638 g3
08 1 4917712 4917746 g7
08 1 4917789 7857751 g3
08 1 7857783 11039503 g6
08 1 11043414 11043414 g7
08 1 11043424 15901592 g6
08 1 15901618 15902034 g7
08 1 15902101 15902101 g6
08 1 15902193 24093806 g7
08 1 24093869 24093869 g6
08 1 24094340 24094340 g7
08 1 24094377 41673628 g6
08 1 41673929 41704550 g7
08 1 41710893 44889171 g3
09 0 1 3972462 g6
09 0 3972509 3973697 g7
09 0 3974987 4009414 g6
09 0 4009570 4017898 g7
09 0 4017919 4019832 g6
09 0 4020770 4020780 g7
09 0 4020835 4058815 g6
09 0 4083744 4097277 g7
09 0 4128370 4179711 g6
09 0 4179719 4180213 g7
09 0 4180612 4181327 g6
09 0 4181379 4483001 g7
09 0 4483060 4791102 g6
09 0 4791158 4791453 g7
09 0 4791506 4854990 g6
09 0 4855570 4856279 g7
09 0 4856294 8020475 g6
09 0 8020523 8294840 g7
09 0 8309379 8315883 g4
09 0 8316027 8337199 g7
09 0 8337388 11266195 g4
09 0 11266204 11543952 g7
09 0 11547624 11562619 g4
09 0 11562647 11562647 g7
09 0 11562650 11570684 g4
09 0 11570905 11570934 g7
09 0 11597096 11671600 g4
09 0 11671610 11671613 g7
09 0 11671628 11671666 g4
09 0 11671709 11748213 g7
09 0 11748292 40770464 g4
09 0 40770641 40772394 g6
09 0 40772398 40773797 g4
09 0 40773825 40776472 g6
09 0 40777684 41306725 g4
09 1 1 41306725 g6
10 0 1 15450563 g6
10 0 15450581 15452521 g7
10 0 15452533 18933657 g6
10 0 18933690 21342495 g7
10 0 21342615 21369033 g4
10 0 21369037 21372080 g7
10 0 21372129 21372227 g4
10 0 21372266 21372658 g7
10 0 21372695 25142251 g4
10 0 25142282 25143738 g7
10 0 25213387 30038789 g6
10 0 30038792 30267448 g7
10 0 30267457 30291761 g6
10 0 30291767 30292797 g7
10 0 30292802 30292925 g6
10 0 30292943 30297030 g7
10 0 30297040 30300504 g6
10 0 30300588 30373683 g7
10 0 30373694 30389034 g6
10 0 30389191 30389551 g7
10 0 30389569 30390292 g6
10 0 30390334 30462934 g7
10 0 30465309 30529558 g6
10 0 30529679 30553156 g7
10 0 30553165 30553165 g6
10 0 30554039 30554401 g7
10 0 30554598 30554678 g6
10 0 30554727 30587063 g7
10 0 30587078 30588931 g6
10 0 30593164 30593326 g7
10 0 30593386 32416309 g6
10 0 32416332 32453966 g7
10 0 32457624 32654939 g6
10 0 32655236 32709579 g7
10 0 32709666 32714925 g6
10 0 32715656 33846112 g7
10 0 33846262 34013680 g3
10 0 34014351 34014686 g7
10 0 34014728 34065850 g3
10 0 34065883 34093946 g7
10 0 34093990 34300880 g3
10 0 34300887 34367887 g7
10 0 34367971 34426001 g3
10 0 34426035 35080732 g7
10 0 35080745 37674811 g6
10 1 1 21339840 g6
10 1 21341129 21346953 g7
10 1 21348413 21367589 g3
10 1 21367813 21367899 g7
10 1 21367915 21369063 g3
10 1 21369082 21372183 g7
10 1 21372227 21372266 g3
10 1 21372318 21403043 g7
10 1 21403062 21435655 g3
10 1 21435684 21450882 g7
10 1 21450893 25309640 g3
10 1 25309661 35191698 g4
10 1 35191752 35192061 g7
10 1 35193526 35197209 g4
10 1 35199485 35200155 g7
10 1 35200177 35257905 g4
10 1 35257950 35258119 g7
10 1 35258134 35258134 g4
10 1 35258307 35260880 g7
10 1 35260991 35420248 g4
10 1 35422019 35429366 g7
10 1 35429421 37674811 g6
11 0 1 27954350 g4
11 1 1 24584918 g6
11 1 24584923 24585819 g7
11 1 24588357 24588366 g6
11 1 24588402 24929597 g7
11 1 24929943 24971489 g4
11 1 24974488 25283548 g7
11 1 25283580 25283893 g4
11 1 25284150 25366880 g7
11 1 25367014 25378430 g3
11 1 25378495 25396125 g7
11 1 25396186 25427224 g3
11 1 25427321 25427500 g7
11 1 25427521 25435902 g3
11 1 25435974 25523494 g7
11 1 25523524 25606078 g3
11 1 25606233 25908717 g7
11 1 25908750 27954350 g3