01 0 1 393117 g5
01 0 393708 409346 g7
01 0 409390 411825 g5
01 0 412080 1161947 g7
01 0 1161962 1162078 g5
01 0 1162088 1162117 g7
01 0 1162139 1162883 g5
01 0 1162925 1167512 g7
01 0 1167536 1187222 g5
01 0 1187228 1187228 g7
01 0 1187261 1187516 g5
01 0 1187676 1187733 g7
01 0 1187751 1187913 g5
01 0 1187958 1202545 g7
01 0 1202563 1204213 g5
01 0 1251334 1371338 g7
01 0 1371396 2317748 g5
01 0 2317917 2336828 g7
01 0 2336890 2343011 g5
01 0 2343485 2390305 g7
01 0 2391397 2391397 g5
01 0 2391405 2436563 g7
01 0 2436569 2436832 g5
01 0 2448551 2448783 g7
01 0 2448787 2451446 g5
01 0 2453726 2628106 g7
01 0 2628115 2698286 g5
01 0 2698310 2702477 g7
01 0 2785356 2785356 g5
01 0 2785426 2840511 g7
01 0 2840574 2840591 g5
01 0 2840763 2840763 g7
01 0 2840812 2841546 g5
01 0 2841558 3164635 g7
01 0 3164681 3175265 g5
01 0 3175275 3230597 g7
01 0 3230653 3230653 g5
01 0 3230700 3230700 g7
01 0 3235146 3279489 g5
01 0 3280790 3284531 g7
01 0 3284751 3284751 g5
01 0 3284906 3305776 g7
01 0 3305937 3309028 g5
01 0 3311953 3315451 g7
01 0 3329208 3588097 g5
01 0 3588100 3656236 g7
01 0 3656245 3973428 g5
01 0 3973440 3973490 g7
01 0 3973593 4657606 g5
01 0 4659871 4660048 g7
01 0 4660063 4988121 g5
01 0 4988374 5015229 g7
01 0 5015529 5015532 g5
01 0 5015606 7265271 g7
01 0 7265283 10595509 g5
01 0 10595654 11134146 g7
01 0 11134164 12662189 g3
01 0 12662251 12662353 g7
01 0 12662383 29070452 g3
01 1 1 5310206 g4
01 1 5310222 5939367 g7
01 1 5939370 5939918 g4
01 1 5939966 5940252 g7
01 1 5940255 5961329 g4
01 1 5961333 6057139 g7
01 1 6057148 6194456 g4
01 1 6194459 6194591 g7
01 1 6194611 6195014 g4
01 1 6195251 6195251 g7
01 1 6195410 6208606 g4
01 1 6208636 6209468 g7
01 1 6209475 6222225 g4
01 1 6222282 6274621 g7
01 1 6276395 6278464 g4
01 1 6278479 6629895 g7
01 1 6629968 6750279 g6
01 1 6750310 8722442 g7
01 1 8722451 8722982 g4
01 1 8723125 8905058 g7
01 1 8905085 8975377 g4
01 1 8975434 8985059 g7
01 1 8985070 8986685 g4
01 1 8986975 8987347 g7
01 1 8987398 10416757 g4
01 1 10416769 10507024 g7
01 1 10507027 10511715 g4
01 1 10511757 10875594 g7
01 1 10875618 10875786 g6
01 1 10875792 10875792 g7
01 1 10875834 10881801 g6
01 1 10881989 11378002 g7
01 1 11378110 13458492 g5
01 1 13458499 13458745 g7
01 1 13458762 13464331 g5
01 1 13464359 13464382 g7
01 1 13464385 13541659 g5
01 1 13541918 13544747 g7
01 1 13544846 13546306 g5
01 1 13546324 13641487 g7
01 1 13641494 13850127 g5
01 1 13852456 13853697 g7
01 1 13853802 13981284 g5
01 1 13981412 29070452 g7
02 0 1 18912198 g3
02 0 18913366 20667056 g7
02 0 20694023 20749991 g5
02 0 20805545 20861391 g7
02 0 20861476 20875704 g5
02 0 20885793 20924079 g7
02 0 20925495 21028787 g5
02 0 21031302 21085106 g7
02 0 21085114 21085114 g5
02 0 21085159 23397682 g7
02 0 23397731 23397731 g5
02 0 23398293 23398314 g7
02 0 23399137 23399890 g5
02 0 23399926 23400107 g7
02 0 23400999 23415663 g5
02 0 23415685 23826597 g7
02 0 23826606 24055251 g5
02 0 24055400 24514933 g7
02 0 24515038 24515289 g5
02 0 24515348 24614761 g7
02 0 24614770 24617169 g5
02 0 24617194 24617194 g7
02 0 24617206 24617206 g5
02 0 24617251 24637613 g7
02 0 24637646 24637646 g5
02 0 24637658 25124483 g7
02 0 25124607 25124607 g5
02 0 25124641 25929393 g7
02 0 25931878 25932333 g5
02 0 25932480 25985288 g7
02 0 25985315 25986420 g5
02 0 25986579 25987341 g7
02 0 25987462 27114882 g5
02 0 27115075 28167206 g7
02 0 28167233 28225038 g5
02 0 28225044 28255534 g7
02 0 28256820 28272600 g5
02 0 28273450 28293764 g7
02 0 28293792 28341798 g5
02 0 28341879 29511734 g7
02 1 1 13804479 g7
02 1 13804491 16209042 g4
02 1 16217146 17008498 g7
02 1 17008529 17018156 g3
02 1 17018522 17073544 g7
02 1 17073553 17099976 g3
02 1 17100057 17474153 g7
02 1 17474876 17484757 g3
02 1 17484766 17981261 g7
02 1 17981397 18548929 g2
02 1 18548950 18552593 g7
02 1 18577187 18794930 g2
02 1 18794938 18828757 g7
02 1 18828781 18830629 g2
02 1 18830645 18830687 g7
02 1 18830732 19939703 g2
02 1 19939726 20163314 g7
02 1 20163436 22266731 g2
02 1 22266745 22266782 g7
02 1 22266827 22267002 g2
02 1 22267037 22395741 g7
02 1 22395894 22411161 g2
02 1 22411227 22516654 g7
02 1 22518287 22528773 g2
02 1 22528777 22546030 g7
02 1 22546050 23961425 g2
02 1 23964694 23964699 g7
02 1 23964715 24389641 g2
02 1 24389665 24391099 g7
02 1 24391153 24641828 g2
02 1 24642007 24695652 g7
02 1 24695658 24695778 g2
02 1 24695790 24696650 g7
02 1 24696663 24775070 g2
02 1 24775118 24847471 g7
02 1 24848981 24848981 g2
02 1 24849564 24888998 g7
02 1 24889383 25919486 g2
02 1 25921750 25986148 g7
02 1 25986174 25986238 g2
02 1 25986420 25986420 g7
02 1 25986579 29511734 g2
03 0 1 4408475 g4
03 0 4410301 6197496 g7
03 0 6197726 6199613 g3
03 0 6199627 6199837 g7
03 0 6199840 6541918 g3
03 0 6542366 6542366 g7
03 0 6543266 6599690 g3
03 0 6599711 6599769 g7
03 0 6599786 6605261 g3
03 0 6606004 6606828 g7
03 0 6606959 6628293 g3
03 0 6650964 6838269 g7
03 0 6838309 6936208 g3
03 0 6936601 6936601 g7
03 0 6936841 7360587 g3
03 0 7360594 7825461 g7
03 0 7825500 7845379 g3
03 0 7845397 8302896 g7
03 0 8302933 25080406 g4
03 0 25109820 25140797 g7
03 0 25158286 25165158 g4
03 0 25165216 26541041 g7
03 0 26541175 26867225 g4
03 0 26867235 29201807 g7
03 0 29201819 29202036 g4
03 0 29202726 29242485 g7
03 0 29242488 29244062 g4
03 0 29257900 29257900 g7
03 0 29257946 34036766 g4
03 0 34036851 35020413 g7
03 1 1 713527 g3
03 1 733220 2969751 g4
03 1 2996421 4741157 g3
03 1 4741220 5291426 g7
03 1 5291489 9513942 g2
03 1 9514118 9514122 g7
03 1 9514303 9518626 g2
03 1 9518697 10132135 g7
03 1 10158687 20868888 g2
03 1 20868895 20869035 g7
03 1 20869047 20869047 g2
03 1 20869177 20870151 g7
03 1 20870196 23227415 g2
03 1 23227421 23284711 g7
03 1 23310974 23312583 g2
03 1 23312632 23315683 g7
03 1 23315689 23365512 g2
03 1 23365518 23366307 g7
03 1 23367064 23480647 g2
03 1 23480650 23575644 g7
03 1 23575680 23739989 g2
03 1 23740760 23754831 g7
03 1 23754844 23755046 g2
03 1 23755058 23781143 g7
03 1 23781200 23881972 g2
03 1 23881996 23882011 g7
03 1 23882076 28399619 g2
03 1 28399777 28399807 g7
03 1 28399983 28400015 g2
03 1 28400076 28683449 g7
03 1 28684599 29062660 g2
03 1 29062680 29062709 g7
03 1 29062714 29657521 g2
03 1 29657536 29788050 g7
03 1 29788062 30047152 g2
03 1 30047161 30047161 g7
03 1 30047174 30298488 g2
03 1 30298516 30299282 g7
03 1 30299336 30335523 g2
03 1 30335583 30336025 g7
03 1 30336035 30336035 g2
03 1 30336040 30343620 g7
03 1 30343632 30573705 g2
03 1 30574401 30580852 g7
03 1 30580928 30677320 g2
03 1 30677359 31003976 g7
03 1 31004007 31062806 g3
03 1 31062818 31064293 g7
03 1 31066088 35020413 g3
04 0 1 727909 g3
04 0 727918 752172 g7
04 0 761782 833846 g3
04 0 833858 849842 g7
04 0 851271 1076104 g3
04 0 1076138 1076221 g7
04 0 1076233 1091901 g3
04 0 1092019 1092055 g7
04 0 1092070 1092127 g3
04 0 1092145 1094149 g7
04 0 1094197 1094197 g3
04 0 1094206 1094236 g7
04 0 1094272 4522219 g3
04 0 4522277 4522910 g7
04 0 4522925 4523156 g3
04 0 4523180 4552080 g7
04 0 4552116 4553123 g3
04 0 4553133 4553247 g7
04 0 4553259 4596611 g3
04 0 4596622 5713437 g7
04 0 5713458 5713458 g5
04 0 5713464 5713464 g3
04 0 5713653 5713653 g7
04 0 5713716 5732885 g3
04 0 5732896 5733242 g7
04 0 5733296 5790907 g3
04 0 5792077 5848295 g7
04 0 5848328 5848903 g3
04 0 5849157 5849274 g7
04 0 5849536 5855965 g3
04 0 5855993 6102565 g7
04 0 6102620 6219866 g3
04 0 6219898 6219898 g7
04 0 6220714 6234438 g3
04 0 6234447 6306517 g7
04 0 6311988 6317327 g3
04 0 6317336 6463016 g7
04 0 6463022 6463103 g3
04 0 6463124 6508180 g7
04 0 6508239 6509164 g3
04 0 6509173 6587473 g7
04 0 6593319 7148346 g3
04 0 7148352 7148352 g7
04 0 7148367 7152397 g3
04 0 7152417 7909495 g7
04 0 7909510 7914209 g3
04 0 7914233 7924346 g7
04 0 7925004 7967664 g3
04 0 7967706 7967706 g7
04 0 7967730 7968602 g3
04 0 7971140 7971427 g7
04 0 7971430 9198726 g3
04 0 9198807 9265647 g7
04 0 9265760 9269580 g3
04 0 9269628 9269636 g7
04 0 9269653 10223013 g3
04 0 10223025 10223033 g7
04 0 10223042 10260084 g3
04 0 10260087 10260302 g7
04 0 10260330 10268952 g3
04 0 10269578 10292801 g7
04 0 10292804 10292909 g3
04 0 10292929 10293001 g7
04 0 10293044 10293957 g3
04 0 10293965 17584851 g7
04 0 17584863 18457517 g4
04 0 18457532 18457532 g7
04 0 18457550 19494748 g4
04 0 19496388 19496388 g7
04 0 19496464 19947809 g4
04 0 19947816 28810988 g7
04 0 28811144 28828999 g4
04 0 28829009 28829781 g7
04 0 28829788 28884619 g4
04 0 28884694 28885208 g7
04 0 28885223 28885223 g4
04 0 28885228 28904190 g7
04 0 28912241 28912241 g4
04 0 28912306 28919135 g7
04 0 28919180 28929198 g4
04 0 28929218 28929218 g7
04 0 28929339 28931696 g4
04 0 28931774 28952411 g7
04 0 28952775 28953031 g4
04 0 28953082 28956694 g7
04 0 29059431 29077876 g4
04 0 29077927 29147665 g7
04 0 29147707 29148065 g4
04 0 29148128 29191898 g7
04 0 29191968 29193738 g4
04 0 29193768 29194146 g7
04 0 29194181 29194181 g4
04 0 29194184 30284691 g7
04 0 30284903 31497900 g3
04 0 31498151 31498753 g7
04 0 31519312 31526017 g3
04 0 31526022 31526022 g7
04 0 31526072 31622398 g3
04 0 31622597 31623891 g7
04 0 31623901 31624106 g3
04 0 31624135 31631296 g7
04 0 31631381 31665947 g3
04 0 31677161 32020865 g7
04 0 32020968 35426602 g4
04 0 35426795 35431325 g7
04 0 35431346 35431520 g3
04 0 35431547 35480320 g7
04 0 35480403 35535411 g3
04 0 35535468 35535939 g7
04 0 35536023 35536197 g3
04 0 35536203 35541458 g7
04 0 35541482 35547119 g3
04 0 35547176 35548850 g7
04 0 35548873 35572703 g3
04 0 35572751 35572949 g7
04 0 35572982 35573150 g3
04 0 35573160 36276047 g7
04 0 36276239 36299564 g3
04 0 36299567 36299567 g7
04 0 36299594 36335944 g3
04 0 36335962 36360109 g7
04 0 36360214 37105743 g3
04 1 1 570417 g7
04 1 570456 570456 g2
04 1 570548 570548 g7
04 1 570605 1199521 g2
04 1 1199608 1298881 g7
04 1 1298893 1665417 g4
04 1 1665445 1669464 g7
04 1 1669736 1669787 g4
04 1 1669808 1712061 g7
04 1 1765690 2081072 g4
04 1 2081135 2081814 g7
04 1 2081820 2081820 g4
04 1 2081828 2187931 g7
04 1 2188054 2357193 g3
04 1 2357201 2369809 g7
04 1 2370607 2475731 g3
04 1 2475748 2495384 g7
04 1 2496276 2644765 g3
04 1 2644786 2702414 g7
04 1 2703010 2703142 g3
04 1 2704839 2725167 g7
04 1 2725355 2795048 g3
04 1 2795087 5849587 g7
04 1 5849652 5948942 g5
04 1 5948952 5948952 g7
04 1 5949004 6025859 g5
04 1 6025871 6026285 g7
04 1 6056488 6065847 g5
04 1 6065853 6159340 g7
04 1 6159348 6168024 g5
04 1 6185969 6185969 g7
04 1 6186009 6189108 g5
04 1 6212047 6212935 g7
04 1 6212950 6213115 g5
04 1 6213121 6213139 g7
04 1 6213155 6249583 g5
04 1 6250742 6264290 g7
04 1 6266338 6268014 g5
04 1 6268035 10295603 g7
04 1 10295686 30991477 g4
04 1 30991482 31013510 g7
04 1 31014532 31912058 g5
04 1 31912061 31912109 g7
04 1 31912250 31976516 g5
04 1 31976570 31977651 g7
04 1 32003983 32205345 g5
04 1 32205388 34630381 g7
04 1 34630432 34965078 g3
04 1 34966653 34969276 g7
04 1 34969279 34969279 g3
04 1 34969991 34998457 g7
04 1 34998481 34998627 g3
04 1 34998640 35299378 g7
04 1 35318957 35324148 g3
04 1 35325819 36340108 g7
04 1 36340144 37105743 g4
05 0 1 8619254 g4
05 0 8619261 8619261 g7
05 0 8619448 8632699 g4
05 0 8632717 10272720 g7
05 0 10275803 33045241 g4
05 0 33045256 34714770 g7
05 0 34721838 34722961 g4
05 0 34723215 34723710 g7
05 0 34723728 41853232 g4
05 1 1 3445438 g5
05 1 3462249 3838814 g7
05 1 3838832 6133173 g4
05 1 6133189 6134365 g7
05 1 6134430 6134430 g4
05 1 6134441 6134441 g7
05 1 6134477 6202113 g4
05 1 6202141 6480976 g7
05 1 6481009 6513733 g6
05 1 6513827 6517684 g7
05 1 6519628 6654876 g6
05 1 6654916 6675245 g7
05 1 6675272 35242655 g6
05 1 35242924 37376386 g7
05 1 37376392 38531694 g3
05 1 38531716 38628523 g7
05 1 38628559 38628559 g3
05 1 38628737 38628737 g7
05 1 38630633 38634509 g3
05 1 38634818 38644593 g7
05 1 38644604 38728325 g3
05 1 38728374 38731948 g7
05 1 38731982 38746132 g3
05 1 38746157 38746336 g7
05 1 38746386 38824494 g3
05 1 38824510 38824553 g7
05 1 38824944 38872111 g3
05 1 38872118 38872118 g7
05 1 38872190 38872190 g3
05 1 38872203 39720269 g7
05 1 39720273 39723842 g3
05 1 39723861 39723861 g7
05 1 39731051 39731051 g3
05 1 39731260 40427091 g7
05 1 40427172 40948180 g5
05 1 40948249 40948249 g7
05 1 40948267 40948336 g5
05 1 40948408 41853232 g7
06 0 1 5238843 g4
06 0 5238883 5239022 g7
06 0 5239031 5253900 g4
06 0 5253904 5254063 g7
06 0 5254087 5254087 g4
06 0 5254147 5267746 g7
06 0 5267753 5267753 g4
06 0 5287295 5287295 g7
06 0 5287359 5290702 g4
06 0 5290873 5517779 g7
06 0 5517848 6671348 g3
06 0 6686141 6730914 g7
06 0 6730926 6731541 g3
06 0 6731616 6731733 g7
06 0 6731736 6736084 g3
06 0 6748880 6748880 g7
06 0 6748902 6767581 g3
06 0 6769458 6789468 g7
06 0 6814015 6815878 g3
06 0 6818233 6818434 g7
06 0 6824151 6824203 g3
06 0 6824322 6824322 g7
06 0 6824336 6825044 g3
06 0 6827277 6827277 g7
06 0 6827325 10850994 g3
06 0 10851391 10852295 g7
06 0 10858866 10858866 g3
06 0 10858929 10858929 g7
06 0 10858938 10859040 g3
06 0 10859046 11423183 g7
06 0 11425104 14951040 g5
06 0 14951082 15068076 g7
06 0 15068219 15172447 g5
06 0 15172480 15726003 g7
06 0 15726341 15735408 g5
06 0 15760667 15761169 g7
06 0 15762191 15868073 g5
06 0 15868107 16124970 g7
06 0 16124987 16169753 g5
06 0 16169792 24574452 g7
06 0 24574604 24698946 g5
06 0 24698952 24698952 g7
06 0 24699214 24699600 g5
06 0 24699603 24699672 g7
06 0 24699678 25253341 g5
06 0 25253422 29105856 g7
06 0 29121541 29122101 g5
06 0 29122137 29122169 g7
06 0 29146539 30207716 g5
06 0 30207770 30207770 g7
06 0 30207794 30294925 g5
06 0 30295994 30304409 g7
06 0 30304424 30304440 g5
06 0 30304457 30579897 g7
06 0 30580427 30693741 g5
06 0 30693769 30711032 g7
06 0 30711130 30711291 g5
06 0 30711318 30762813 g7
06 0 30762943 30762997 g5
06 0 30763074 30794389 g7
06 0 30794395 30794440 g5
06 0 30794473 30796088 g7
06 0 30796280 30796337 g5
06 0 30800543 31020394 g7
06 0 31020497 31037902 g5
06 0 31037960 31037960 g7
06 0 31037995 33296379 g5
06 0 33296386 33374209 g7
06 0 33374285 33382339 g5
06 0 33382389 33878847 g7
06 0 33878880 37593364 g3
06 1 1 1465901 g7
06 1 1465904 1466348 g3
06 1 1466357 1499506 g7
06 1 1500269 2261705 g3
06 1 2261726 3647856 g7
06 1 3647872 3649236 g2
06 1 3664922 3740413 g7
06 1 3758000 3758077 g2
06 1 3758114 3774864 g7
06 1 3774876 4333152 g2
06 1 4334231 4353053 g7
06 1 4353113 4353242 g2
06 1 4353275 4370487 g7
06 1 4370515 4372567 g2
06 1 4372576 4381973 g7
06 1 4452089 4670160 g2
06 1 4670172 4670172 g7
06 1 4677720 4677720 g2
06 1 4677924 4866610 g7
06 1 4866646 4868230 g2
06 1 4868277 4890348 g7
06 1 4890514 4903949 g2
06 1 4904817 4906172 g7
06 1 4906224 4906502 g2
06 1 4906630 5076083 g7
06 1 5076160 7153996 g2
06 1 7154809 7304459 g7
06 1 7304504 7312088 g2
06 1 7312109 7314436 g7
06 1 7314496 7322417 g2
06 1 7340654 7790472 g7
06 1 7790480 8361085 g2
06 1 8361157 8378326 g7
06 1 8378558 8390630 g2
06 1 8390642 8391005 g7
06 1 8391059 8399324 g2
06 1 8399339 8399339 g7
06 1 8399371 8402056 g2
06 1 8402278 8402299 g7
06 1 8402366 8492715 g2
06 1 8492719 8492727 g7
06 1 8494140 8494140 g2
06 1 8494526 9565821 g7
06 1 9565916 9572241 g2
06 1 9572281 9572682 g7
06 1 9572740 11688027 g2
06 1 11720110 11883481 g7
06 1 11883554 11883554 g2
06 1 11883648 11883648 g7
06 1 11902771 11902858 g2
06 1 11902894 11903039 g7
06 1 11903075 11956092 g2
06 1 11956125 11982038 g7
06 1 11982049 11984193 g2
06 1 11984216 11984685 g7
06 1 11984704 12013722 g2
06 1 12013754 12179998 g7
06 1 12180388 12237693 g2
06 1 12237731 12237731 g7
06 1 12248702 16169015 g2
06 1 16169093 16628288 g7
06 1 16629650 16629857 g2
06 1 16629863 16670211 g7
06 1 16670262 26647162 g2
06 1 26647619 26649896 g7
06 1 26649994 26649994 g2
06 1 26650038 27826248 g7
06 1 27826276 27826276 g2
06 1 27827264 28189798 g7
06 1 28189815 28243476 g2
06 1 28243524 28244094 g7
06 1 28244108 28244108 g2
06 1 28261374 28261473 g7
06 1 28261515 28594072 g2
06 1 28594080 28608789 g7
06 1 28608807 28608807 g2
06 1 28608814 28690468 g7
06 1 28691260 28691731 g2
06 1 28691740 28692171 g7
06 1 28692212 28692762 g2
06 1 28692770 28707799 g7
06 1 28707808 28709547 g2
06 1 28709557 29180656 g7
06 1 29180779 29182987 g2
06 1 29183065 29187042 g7
06 1 29187985 29579225 g2
06 1 29579376 29765263 g7
06 1 29765362 30620700 g2
06 1 30621199 30621199 g7
06 1 30621247 30684062 g2
06 1 30686260 30762943 g7
06 1 30762954 30762957 g2
06 1 30762972 30796088 g7
06 1 30796280 32422287 g2
06 1 32423099 33084079 g7
06 1 33084103 33897553 g3
06 1 33897564 33959461 g7
06 1 33959476 34012973 g3
06 1 34013159 34013159 g7
06 1 34013168 34013768 g3
06 1 34013964 34020498 g7
06 1 34020559 34950754 g3
06 1 34950793 34958381 g7
06 1 34971368 34983051 g3
06 1 34983062 36080311 g7
06 1 36080365 36137749 g3
06 1 36137764 36210617 g7
06 1 36210671 36210740 g3
06 1 36210855 36216796 g7
06 1 36216812 36218882 g3
06 1 36218930 36222064 g7
06 1 36232218 36234841 g3
06 1 36234895 37593364 g7
07 0 1 3260996 g4
07 0 3261005 3981532 g7
07 0 3981567 3993583 g5
07 0 3993737 3997638 g7
07 0 3997945 3998749 g5
07 0 3999400 3999767 g7
07 0 3999817 4020804 g5
07 0 4020813 4024869 g7
07 0 4024880 4050162 g5
07 0 4050180 5464218 g7
07 0 5464257 5466919 g5
07 0 5467152 5467846 g7
07 0 5470158 5470183 g5
07 0 5470200 5481160 g7
07 0 5482295 5482629 g5
07 0 5482635 5550707 g7
07 0 5550718 5554487 g5
07 0 5554514 5565506 g7
07 0 5565519 5565519 g5
07 0 5565533 5593855 g7
07 0 5596640 5596640 g5
07 0 5601265 5625088 g7
07 0 5625108 5706963 g5
07 0 5707007 5794876 g7
07 0 5803226 5830685 g5
07 0 5830753 5830753 g7
07 0 5830810 5831291 g5
07 0 5831474 5831883 g7
07 0 5832348 5832399 g5
07 0 5832428 5832605 g7
07 0 5833728 6183483 g5
07 0 6187823 6188170 g7
07 0 6188900 6221515 g5
07 0 6221575 6241274 g7
07 0 6241350 6245068 g5
07 0 6245152 6251738 g7
07 0 6251751 6251781 g5
07 0 6251808 6252183 g7
07 0 6252255 6255882 g5
07 0 6255894 6256293 g7
07 0 6256304 6256556 g5
07 0 6257941 7223640 g7
07 0 7223678 7225004 g3
07 0 7225028 7225122 g7
07 0 7225183 7252072 g3
07 0 7252096 7252096 g7
07 0 7254076 7254122 g3
07 0 7254194 8181080 g7
07 0 8226410 8227253 g5
07 0 8227355 8455118 g7
07 0 8455221 11043651 g4
07 0 11043713 12032476 g7
07 0 12032494 27098199 g2
07 0 27098211 27098211 g7
07 0 27098309 27177562 g2
07 0 27177723 27177723 g7
07 0 27177777 27178121 g2
07 0 27178166 27296444 g7
07 0 27296452 27296500 g2
07 0 27297273 27297456 g7
07 0 27298424 27352659 g2
07 0 27352672 30104126 g7
07 0 30104374 31147283 g2
07 0 31157217 31157217 g7
07 0 31157225 33204844 g2
07 0 33204847 33365863 g7
07 0 33365882 35028021 g4
07 1 1 2432412 g7
07 1 2432424 2906340 g3
07 1 2906395 2910442 g7
07 1 2910631 2911272 g3
07 1 2911314 3557511 g7
07 1 3557562 3557618 g3
07 1 3557640 3598501 g7
07 1 3603037 7682206 g3
07 1 7682294 7934300 g7
07 1 7934318 7936310 g3
07 1 7936990 8644335 g7
07 1 8644369 8687669 g5
07 1 8687865 8687865 g7
07 1 8687871 10411077 g5
07 1 10411096 10411099 g7
07 1 10415798 10415798 g5
07 1 10415831 10417607 g7
07 1 10442354 10467263 g5
07 1 10467270 10708923 g7
07 1 10708932 15152188 g5
07 1 15152196 15152315 g7
07 1 15158358 15160946 g5
07 1 15161171 15361545 g7
07 1 15361558 15361558 g5
07 1 15363215 15555177 g7
07 1 15555190 15622913 g5
07 1 15622922 28909576 g7
07 1 28909906 28910674 g3
07 1 28931353 28932049 g7
07 1 28932059 29583656 g3
07 1 29583675 29583701 g7
07 1 29583796 29598866 g3
07 1 29598895 29598942 g7
07 1 29598953 29598953 g3
07 1 29598994 30386811 g7
07 1 30386895 31636937 g3
07 1 31637058 31886208 g7
07 1 31886355 32707797 g3
07 1 32708365 32720596 g7
07 1 32721681 32722062 g3
07 1 32722093 33362608 g7
07 1 33364081 33364380 g3
07 1 33364590 33364695 g7
07 1 33364993 33414560 g3
07 1 33414641 35028021 g7
08 0 1 7349992 g4
08 0 7350054 7350054 g3
08 0 7350203 7353565 g4
08 0 7353582 8046806 g3
08 0 8046860 15480307 g2
08 0 15480375 15494133 g7
08 0 15515643 16761693 g3
08 0 16761885 18045083 g7
08 0 18046250 18046250 g2
08 0 18046273 18556907 g7
08 0 18557270 18557270 g2
08 0 18557332 18967433 g7
08 0 18967436 20523231 g3
08 0 20523237 20523672 g7
08 0 20523690 20525335 g3
08 0 20721564 21080811 g7
08 0 21080821 21219449 g2
08 0 21631115 21631115 g7
08 0 21631340 24097116 g2
08 0 24097157 24097157 g7
08 0 24207269 35940582 g2
08 0 35940689 35986836 g7
08 0 35986848 38247485 g2
08 0 38247505 38287761 g7
08 0 38288934 38730240 g2
08 0 38730261 38734325 g7
08 0 38734379 40486760 g2
08 0 40486844 40487524 g7
08 0 40487566 40532513 g2
08 0 40532537 40788850 g7
08 0 40788895 40853761 g2
08 0 40853976 41712063 g7
08 0 41714674 41739414 g6
08 0 41739417 41816448 g7
08 0 41816576 41862675 g6
08 0 41862684 41930270 g7
08 0 41930295 41932060 g6
08 0 41932384 42277893 g7
08 0 42277977 44889171 g3
08 1 1 1063257 g7
08 1 1063278 1260650 g3
08 1 1267879 1282618 g7
08 1 1282639 1282651 g3
08 1 1282760 1390080 g7
08 1 1390084 9645019 g3
08 1 9668690 9673228 g7
08 1 9673476 9673542 g3
08 1 9673656 9886951 g7
08 1 9886956 9886973 g3
08 1 9887008 10837843 g7
08 1 10837890 10837958 g3
08 1 10837969 10842389 g7
08 1 10843575 35652263 g3
08 1 35652326 35732324 g7
08 1 35736817 35753315 g3
08 1 35768015 35772632 g7
08 1 35772698 35773772 g3
08 1 35773809 35774005 g7
08 1 35774071 35774221 g3
08 1 35774236 35795989 g7
08 1 35796006 35803957 g3
08 1 35805216 35835891 g7
08 1 35844962 35934164 g3
08 1 35934178 35940554 g7
08 1 35940582 38651694 g4
08 1 38651800 40239882 g7
08 1 40239948 40259982 g4
08 1 40260009 40264238 g7
08 1 40264271 40318074 g4
08 1 40318185 40318185 g7
08 1 40318197 44889171 g4
09 0 1 3184604 g4
09 0 3184691 3184691 g3
09 0 3184901 3205808 g4
09 0 3205858 8680170 g3
09 0 8680218 8701706 g7
09 0 8702506 10085893 g3
09 0 10085914 11006483 g7
09 0 11006531 11006614 g5
09 0 11008005 11059491 g7
09 0 11061025 11251303 g5
09 0 11251307 11251307 g7
09 0 11251428 12051058 g5
09 0 12051065 12326922 g7
09 0 12326949 12331996 g5
09 0 12360980 12381772 g7
09 0 12385410 12488291 g5
09 0 12488356 35508916 g7
09 0 35509105 35509105 g3
09 0 35509165 35593945 g7
09 0 35605777 35658451 g3
09 0 35658596 35736246 g7
09 0 35736363 35736385 g3
09 0 35736408 35737391 g7
09 0 35737498 35868582 g3
09 0 35868591 35868636 g7
09 0 35871443 36357794 g3
09 0 36357842 36357842 g4
09 0 36357878 36357878 g3
09 0 36357910 36357910 g4
09 0 36358073 36363480 g3
09 0 36363537 36363595 g4
09 0 36363604 36363604 g3
09 0 36363770 36364572 g4
09 0 36364599 36366782 g3
09 0 36366822 36461907 g4
09 0 36461914 36463928 g3
09 0 36464021 36464021 g4
09 0 36464043 36464069 g3
09 0 36464079 36464111 g4
09 0 36465534 36465534 g7
09 0 36465552 36469703 g4
09 0 36469727 36472518 g3
09 0 36472540 36491220 g4
09 0 36491264 36516045 g7
09 0 36516059 36516059 g4
09 0 36516203 36916295 g7
09 0 36919314 36959711 g4
09 0 36959765 37077174 g3
09 0 37138490 37138540 g7
09 0 37138544 37139110 g3
09 0 37141874 37247149 g7
09 0 37265806 37301174 g3
09 0 37301296 37971608 g7
09 0 37971640 38120215 g3
09 0 38120532 38700756 g7
09 0 38700788 39642897 g4
09 0 39642949 39915891 g7
09 0 39916136 40071818 g3
09 0 40071827 40118101 g7
09 0 40118349 41306725 g3
09 1 1 5188443 g4
09 1 5188451 5189102 g3
09 1 5189178 5621728 g4
09 1 5621773 5622104 g7
09 1 5622173 5630169 g4
09 1 5630247 5630247 g7
09 1 5630337 5630691 g4
09 1 5630820 5689155 g7
09 1 5689508 5764042 g4
09 1 5764163 5764594 g7
09 1 5764654 5976269 g4
09 1 5976329 5976329 g3
09 1 5976353 6171462 g4
09 1 6171549 6226260 g7
09 1 6226272 6425124 g4
09 1 6425137 6942769 g7
09 1 6942900 6943731 g4
09 1 6943938 7036999 g7
09 1 7037014 7037083 g3
09 1 7037116 7037122 g7
09 1 7037134 7037134 g3
09 1 7037143 7037143 g7
09 1 7037167 7037600 g3
09 1 7053783 7054731 g7
09 1 7054764 7086706 g3
09 1 7086729 7194741 g4
09 1 7194874 7206080 g3
09 1 7206349 7207849 g7
09 1 7207946 7292338 g3
09 1 7292346 7319122 g7
09 1 7319155 7326582 g3
09 1 7335628 7335628 g7
09 1 7335692 8020688 g3
09 1 8020766 8020766 g7
09 1 8020769 8042427 g3
09 1 8042535 8042535 g6
09 1 8042568 8042790 g7
09 1 8042795 8043481 g6
09 1 8099978 8115840 g7
09 1 8116018 8127908 g6
09 1 8140696 8142585 g7
09 1 8143076 8148520 g6
09 1 8148685 8148916 g7
09 1 8148959 9847488 g6
09 1 9848697 37971781 g4
09 1 37971786 37985913 g7
09 1 37986256 37990656 g5
09 1 38008205 38010409 g7
09 1 38011774 38011804 g5
09 1 38012093 38012098 g7
09 1 38012173 38780359 g5
09 1 38780368 38973849 g7
09 1 38974420 38974587 g3
09 1 38974637 38974752 g7
09 1 38974770 39009296 g3
09 1 39009331 39449050 g7
09 1 39449057 40073988 g4
09 1 40074091 40130421 g7
09 1 40130575 41306725 g4
10 0 1 37674811 g4
10 1 1 21453479 g4
10 1 21453503 22866072 g7
10 1 22866127 23034758 g3
10 1 23034859 23034859 g7
10 1 23034890 23034932 g3
10 1 23035130 23037096 g7
10 1 23037105 23063680 g3
10 1 23063687 23066294 g7
10 1 23066393 23102114 g3
10 1 23102147 23274480 g7
10 1 23274848 23275072 g3
10 1 23275107 23275512 g7
10 1 23275539 23276068 g3
10 1 23276086 25443168 g7
10 1 25443179 26119508 g3
10 1 26119568 26123149 g7
10 1 26123215 26123313 g3
10 1 26123382 26123915 g7
10 1 26123956 26220781 g3
10 1 26220847 26395163 g7
10 1 26395175 27698720 g3
10 1 27698765 27817606 g7
10 1 27822533 29774454 g4
10 1 29774507 35183249 g7
10 1 35183256 35427539 g6
10 1 35427745 35428261 g7
10 1 35428394 35462245 g6
10 1 35467982 35467982 g7
10 1 35468184 35470276 g6
10 1 35473034 35616360 g7
10 1 35616384 35651843 g4
10 1 35651858 35652080 g7
10 1 35652110 37674811 g4
11 0 1 2071904 g4
11 0 2071920 2109255 g7
11 0 2109264 2110024 g4
11 0 2110042 2110042 g7
11 0 2110084 2123583 g4
11 0 2123593 2124364 g7
11 0 2124456 2124471 g4
11 0 2124552 2160565 g7
11 0 2160569 2160569 g4
11 0 2160597 2160597 g7
11 0 2160624 2160624 g4
11 0 2160651 2304118 g7
11 0 2304130 2336735 g4
11 0 2339371 2339568 g7
11 0 2339572 2339572 g4
11 0 2339610 2339610 g7
11 0 2366579 2366579 g4
11 0 2366623 2984461 g7
11 0 2984481 2984481 g4
11 0 2984548 3006209 g7
11 0 3006225 21244559 g4
11 0 21244578 21245439 g7
11 0 21245442 21247599 g4
11 0 21247686 22301955 g7
11 0 22301980 23964596 g4
11 0 23965204 24373655 g7
11 0 24373666 24377571 g4
11 0 24377600 24378055 g7
11 0 24378088 24378157 g4
11 0 24378181 24378201 g7
11 0 24378232 24385816 g4
11 0 24386621 24399404 g7
11 0 24399448 25920356 g4
11 0 25920466 27954350 g7
11 1 1 1264690 g7
11 1 1264706 1291965 g5
11 1 1291971 1291971 g7
11 1 1292563 3435208 g5
11 1 3435377 3436633 g7
11 1 3436641 3436914 g5
11 1 3436924 3822433 g7
11 1 3824207 9170282 g4
11 1 9170309 10295470 g7
11 1 10298693 24079809 g6
11 1 24103810 24105589 g7
11 1 24106474 24107517 g6
11 1 24107577 24107577 g7
11 1 24107604 24185695 g6
11 1 24185712 24185712 g7
11 1 24185816 24187079 g6
11 1 24187090 24885208 g7
11 1 24885354 25006659 g4
11 1 25006678 25033961 g7
11 1 25034032 25146401 g4
11 1 25146447 25249610 g7
11 1 25249619 25298127 g4
11 1 25298138 25298805 g7
11 1 25298816 25306824 g4
11 1 25321370 25324533 g7
11 1 25324582 25326603 g4
11 1 25326615 26222320 g7
11 1 26222326 27954350 g6