01 0 1 28800000 M
01 1 1 28800000 M
02 0 1 24100000 M
02 0 25200001 29700000 M
02 0 29800001 34100000 M
02 1 1 24100000 M
02 1 25200001 29700000 P
02 1 29800001 34100000 P
03 0 1 500000 M
03 0 600001 3300000 M
03 0 10200001 31400000 M
03 0 35400001 37200000 M
03 0 38000001 39500000 M
03 0 39700001 42900000 M
03 0 44400001 47400000 M
03 0 47600001 51000000 M
03 1 1 500000 M
03 1 600001 3300000 M
03 1 10200001 31400000 M
03 1 35400001 37200000 M
03 1 38000001 39500000 M
03 1 39700001 42900000 M
03 1 44400001 47400000 P
03 1 47600001 51000000 M
04 0 1 3900000 M
04 0 5600001 22700000 M
04 0 22800001 25400000 M
04 0 25500001 25588944 C
04 1 1 3900000 M
04 1 5600001 22700000 M
04 1 22800001 25400000 P
04 1 25500001 25588944 M
05 0 1 3600000 M
05 0 5100001 43289288 M
05 1 1 3600000 P
05 1 5100001 43289288 M
06 0 8300001 10400000 M
06 0 10500001 18500000 M
06 1 8300001 10400000 P
06 1 10500001 18500000 P
07 0 2200001 3600000 M
07 0 4300001 4400000 M
07 0 4600001 6900000 M
07 0 8000001 14400000 M
07 0 14600001 21079565 M
07 1 2200001 3600000 P
07 1 4300001 4400000 P
07 1 4600001 6900000 P
07 1 8000001 14400000 M
07 1 14600001 21079565 M
08 0 22400001 24700000 M
08 1 22400001 24700000 P
09 0 1 1700000 M
09 0 2000001 4600000 M
09 0 28200001 31000000 M
09 1 1 1700000 P
09 1 2000001 4600000 M
09 1 28200001 31000000 M
