01 0 1 25500000 P
01 0 25800001 26900000 P
01 0 27300001 28800000 P
01 1 1 25500000 P
01 1 25800001 26900000 P
01 1 27300001 28800000 P
02 0 1 21800000 P
02 0 22000001 24700000 P
02 0 25200001 29100000 P
02 0 29200001 35200000 P
02 0 35400001 36200000 P
02 1 1 21800000 P
02 1 22000001 24700000 P
02 1 25200001 29100000 P
02 1 29200001 35200000 P
02 1 35400001 36200000 P
03 0 300001 500000 P
03 0 600001 43100000 P
03 0 43200001 51003500 P
03 1 300001 500000 P
03 1 600001 43100000 P
03 1 43200001 51003500 P
04 0 1 1000000 P
04 0 1400001 3900000 P
04 0 5600001 22600000 P
04 0 22700001 25500000 P
04 1 1 1000000 P
04 1 1400001 3900000 P
04 1 5600001 22600000 P
04 1 22700001 25500000 P
05 0 1 37800000 P
05 0 37900001 43100000 P
05 1 1 37800000 P
05 1 37900001 43100000 P
06 0 1 10500000 P
06 0 10800001 25100000 P
06 0 25200001 25400000 P
06 1 1 10500000 P
06 1 10800001 25100000 P
06 1 25200001 25400000 P
07 0 1 20500000 P
07 1 1 20500000 P
08 0 1 8800000 P
08 0 9800001 24700000 P
08 1 1 8800000 P
08 1 9800001 24700000 P
09 0 1 31200000 P
09 1 1 31200000 P
