01 0 1 500000 C
01 0 600001 1000000 C
01 0 2600001 2700000 C
01 0 2800001 2900000 C
01 0 3100001 3500000 C
01 0 4600001 4900000 C
01 0 6600001 9500000 C
01 0 17300001 18600000 C
01 0 19100001 20100000 C
01 0 22200001 22900000 C
01 0 23500001 23700000 C
01 0 24200001 24500000 C
01 0 24600001 25000000 C
01 0 25800001 26400000 C
01 0 26700001 26900000 C
01 0 27300001 27500000 C
01 0 28500001 28800000 C
01 1 1 500000 C
01 1 600001 1000000 C
01 1 2600001 2700000 C
01 1 2800001 2900000 C
01 1 3100001 3500000 C
01 1 4600001 4900000 C
01 1 6600001 9500000 C
01 1 17300001 18600000 C
01 1 19100001 20100000 C
01 1 22200001 22900000 C
01 1 23500001 23700000 C
01 1 24200001 24500000 C
01 1 24600001 25000000 C
01 1 25800001 26400000 C
01 1 26700001 26900000 C
01 1 27300001 27500000 C
01 1 28500001 28800000 C
01 2 1 500000 Mic
01 2 600001 1000000 Mic
01 2 2600001 2700000 Mic
01 2 2800001 2900000 Mic
01 2 3100001 3500000 Mic
01 2 4600001 4900000 Mic
01 2 6600001 9500000 Mic
01 2 17300001 18600000 Mic
01 2 19100001 20100000 Mic
01 2 22200001 22900000 Mic
01 2 23500001 23700000 Mic
01 2 24200001 24500000 Mic
01 2 24600001 25000000 Mic
01 2 25800001 26400000 Mic
01 2 26700001 26900000 Mic
01 2 27300001 27500000 Mic
01 2 28500001 28800000 Mic
01 3 1 500000 Mic
01 3 600001 1000000 Mic
01 3 2600001 2700000 Mic
01 3 2800001 2900000 Mic
01 3 3100001 3500000 Mic
01 3 4600001 4900000 Mic
01 3 6600001 9500000 Mic
01 3 17300001 18600000 Mic
01 3 19100001 20100000 Mic
01 3 22200001 22900000 Mic
01 3 23500001 23700000 Mic
01 3 24200001 24500000 Mic
01 3 24600001 25000000 Mic
01 3 25800001 26400000 Mic
01 3 26700001 26900000 Mic
01 3 27300001 27500000 Mic
01 3 28500001 28800000 Mic
02 0 400001 500000 C
02 0 6000001 6700000 C
02 0 7200001 8000000 C
02 0 9100001 9300000 C
02 0 10400001 10500000 C
02 0 10800001 11500000 C
02 0 12500001 12600000 C
02 0 13700001 14000000 C
02 0 14500001 14700000 C
02 0 15800001 16300000 C
02 0 17400001 21800000 C
02 0 23300001 23900000 C
02 0 24700001 25900000 C
02 0 27500001 28000000 C
02 0 31000001 31800000 C
02 0 32100001 32300000 C
02 0 32500001 32800000 C
02 0 33300001 33500000 C
02 0 35200001 35400000 C
02 0 35900001 36200000 C
02 1 400001 500000 C
02 1 6000001 6700000 C
02 1 7200001 8000000 C
02 1 9100001 9300000 C
02 1 10400001 10500000 C
02 1 10800001 11500000 C
02 1 12500001 12600000 Mic
02 1 13700001 14000000 C
02 1 14500001 14700000 C
02 1 15800001 16300000 C
02 1 17400001 21800000 C
02 1 23300001 23900000 C
02 1 24700001 25900000 C
02 1 27500001 28000000 C
02 1 31000001 31800000 C
02 1 32100001 32300000 C
02 1 32500001 32800000 C
02 1 33300001 33500000 C
02 1 35200001 35400000 C
02 1 35900001 36200000 C
02 2 400001 500000 Mic
02 2 6000001 6700000 Mic
02 2 7200001 8000000 Mic
02 2 9100001 9300000 Mic
02 2 10400001 10500000 Mic
02 2 10800001 11500000 Mic
02 2 12500001 12600000 Mic
02 2 13700001 14000000 Mic
02 2 14500001 14700000 Mic
02 2 15800001 16300000 Mic
02 2 17400001 21800000 Mic
02 2 23300001 23900000 Mic
02 2 24700001 25900000 Mic
02 2 27500001 28000000 Mic
02 2 31000001 31800000 Mic
02 2 32100001 32300000 Mic
02 2 32500001 32800000 Mic
02 2 33300001 33500000 Mic
02 2 35200001 35400000 Mic
02 2 35900001 36200000 Mic
02 3 400001 500000 Mic
02 3 6000001 6700000 Mic
02 3 7200001 8000000 Mic
02 3 9100001 9300000 Mic
02 3 10400001 10500000 Mic
02 3 10800001 11500000 Mic
02 3 12500001 12600000 Mic
02 3 13700001 14000000 Mic
02 3 14500001 14700000 Mic
02 3 15800001 16300000 Mic
02 3 17400001 21800000 Mic
02 3 23300001 23900000 Mic
02 3 24700001 25900000 Mic
02 3 27500001 28000000 Mic
02 3 31000001 31800000 Mic
02 3 32100001 32300000 Mic
02 3 32500001 32800000 Mic
02 3 33300001 33500000 Mic
02 3 35200001 35400000 Mic
02 3 35900001 36200000 Mic
03 0 1300001 1500000 C
03 0 1900001 2000000 C
03 0 4300001 4400000 C
03 0 4700001 5400000 C
03 0 6400001 6700000 C
03 0 7400001 8000000 C
03 0 8300001 8600000 C
03 0 10100001 11100000 C
03 0 11200001 11500000 C
03 0 16200001 16800000 C
03 0 16900001 17800000 C
03 0 19900001 20600000 C
03 0 20900001 21000000 C
03 0 27200001 31000000 C
03 0 37500001 37700000 C
03 0 38000001 38600000 C
03 0 42200001 42700000 C
03 0 42900001 43000000 C
03 0 44100001 44400000 C
03 0 45300001 45500000 C
03 0 45900001 46200000 C
03 0 48400001 49000000 C
03 0 49700001 50400000 C
03 1 1300001 1500000 C
03 1 1900001 2000000 C
03 1 4300001 4400000 C
03 1 4700001 5400000 C
03 1 6400001 6700000 C
03 1 7400001 8000000 C
03 1 8300001 8600000 C
03 1 10100001 11100000 C
03 1 11200001 11500000 C
03 1 16200001 16800000 C
03 1 16900001 17800000 C
03 1 19900001 20600000 C
03 1 20900001 21000000 C
03 1 27200001 31000000 C
03 1 37500001 37700000 C
03 1 38000001 38600000 C
03 1 42200001 42700000 C
03 1 42900001 43000000 C
03 1 44100001 44400000 C
03 1 45300001 45500000 C
03 1 45900001 46200000 C
03 1 48400001 49000000 C
03 1 49700001 50400000 C
03 2 1300001 1500000 Mic
03 2 1900001 2000000 Mic
03 2 4300001 4400000 C
03 2 4700001 5400000 Mic
03 2 6400001 6700000 Mic
03 2 7400001 8000000 Mic
03 2 8300001 8600000 Mic
03 2 10100001 11100000 Mic
03 2 11200001 11500000 Mic
03 2 16200001 16800000 Mic
03 2 16900001 17800000 Mic
03 2 19900001 20600000 C
03 2 20900001 21000000 Mic
03 2 27200001 31000000 Mic
03 2 37500001 37700000 Mic
03 2 38000001 38600000 Mic
03 2 42200001 42700000 Mic
03 2 42900001 43000000 Mic
03 2 44100001 44400000 Mic
03 2 45300001 45500000 Mic
03 2 45900001 46200000 Mic
03 2 48400001 49000000 Mic
03 2 49700001 50400000 Mic
03 3 1300001 1500000 Mic
03 3 1900001 2000000 Mic
03 3 4300001 4400000 Mic
03 3 4700001 5400000 Mic
03 3 6400001 6700000 Mic
03 3 7400001 8000000 Mic
03 3 8300001 8600000 Mic
03 3 10100001 11100000 Mic
03 3 11200001 11500000 Mic
03 3 16200001 16800000 Mic
03 3 16900001 17800000 Mic
03 3 19900001 20600000 Mic
03 3 20900001 21000000 Mic
03 3 27200001 31000000 Mic
03 3 37500001 37700000 Mic
03 3 38000001 38600000 Mic
03 3 42200001 42700000 Mic
03 3 42900001 43000000 Mic
03 3 44100001 44400000 Mic
03 3 45300001 45500000 Mic
03 3 45900001 46200000 Mic
03 3 48400001 49000000 Mic
03 3 49700001 50400000 Mic
04 0 400001 700000 C
04 0 1400001 1500000 C
04 0 1600001 1700000 C
04 0 2100001 2400000 C
04 0 2500001 2700000 C
04 0 3700001 3900000 C
04 0 5900001 7100000 C
04 0 11600001 14000000 C
04 0 14200001 14500000 C
04 0 16400001 16600000 C
04 0 18800001 19000000 C
04 0 19600001 19700000 C
04 0 20800001 21200000 C
04 0 21600001 21800000 C
04 0 23700001 23800000 C
04 0 24500001 24600000 C
04 0 25300001 25500000 C
04 1 400001 700000 C
04 1 1400001 1500000 C
04 1 1600001 1700000 C
04 1 2100001 2400000 C
04 1 2500001 2700000 Mic
04 1 3700001 3900000 C
04 1 5900001 7100000 C
04 1 11600001 14000000 C
04 1 14200001 14500000 C
04 1 16400001 16600000 C
04 1 18800001 19000000 C
04 1 19600001 19700000 C
04 1 20800001 21200000 C
04 1 21600001 21800000 C
04 1 23700001 23800000 C
04 1 24500001 24600000 C
04 1 25300001 25500000 C
04 2 400001 700000 Mic
04 2 1400001 1500000 Mic
04 2 1600001 1700000 Mic
04 2 2100001 2400000 Mic
04 2 2500001 2700000 Mic
04 2 3700001 3900000 Mic
04 2 5900001 7100000 Mic
04 2 11600001 14000000 Mic
04 2 14200001 14500000 Mic
04 2 16400001 16600000 Mic
04 2 18800001 19000000 Mic
04 2 19600001 19700000 Mic
04 2 20800001 21200000 Mic
04 2 21600001 21800000 Mic
04 2 23700001 23800000 Mic
04 2 24500001 24600000 Mic
04 2 25300001 25500000 Mic
04 3 400001 700000 Mic
04 3 1400001 1500000 Mic
04 3 1600001 1700000 Mic
04 3 2100001 2400000 Mic
04 3 2500001 2700000 Mic
04 3 3700001 3900000 Mic
04 3 5900001 7100000 Mic
04 3 11600001 14000000 Mic
04 3 14200001 14500000 Mic
04 3 16400001 16600000 Mic
04 3 18800001 19000000 Mic
04 3 19600001 19700000 Mic
04 3 20800001 21200000 Mic
04 3 21600001 21800000 Mic
04 3 23700001 23800000 Mic
04 3 24500001 24600000 Mic
04 3 25300001 25500000 Mic
05 0 500001 1400000 C
05 0 11500001 16300000 C
05 0 17100001 18200000 C
05 0 19100001 21100000 C
05 0 33900001 34300000 C
05 0 35200001 35300000 C
05 0 36000001 36900000 C
05 0 37600001 37800000 C
05 0 38800001 39000000 C
05 0 42300001 42800000 C
05 1 500001 1400000 C
05 1 11500001 16300000 C
05 1 17100001 18200000 C
05 1 19100001 21100000 C
05 1 33900001 34300000 C
05 1 35200001 35300000 C
05 1 36000001 36900000 C
05 1 37600001 37800000 C
05 1 38800001 39000000 C
05 1 42300001 42800000 C
05 2 500001 1400000 Mic
05 2 11500001 16300000 Mic
05 2 17100001 18200000 Mic
05 2 19100001 21100000 Mic
05 2 33900001 34300000 Mic
05 2 35200001 35300000 Mic
05 2 36000001 36900000 Mic
05 2 37600001 37800000 Mic
05 2 38800001 39000000 Mic
05 2 42300001 42800000 Mic
05 3 500001 1400000 Mic
05 3 11500001 16300000 Mic
05 3 17100001 18200000 Mic
05 3 19100001 21100000 Mic
05 3 33900001 34300000 Mic
05 3 35200001 35300000 Mic
05 3 36000001 36900000 Mic
05 3 37600001 37800000 Mic
05 3 38800001 39000000 Mic
05 3 42300001 42800000 Mic
06 0 1900001 2000000 C
06 0 3000001 3100000 C
06 0 3900001 7900000 C
06 0 13600001 13800000 C
06 0 15300001 15900000 C
06 0 16600001 16900000 C
06 0 17200001 17400000 C
06 0 17900001 18000000 C
06 0 19000001 19100000 C
06 0 19300001 19500000 C
06 0 19800001 20000000 C
06 0 20500001 20800000 C
06 0 22800001 23000000 C
06 0 24200001 24600000 C
06 0 24800001 25100000 C
06 1 1900001 2000000 C
06 1 3000001 3100000 C
06 1 3900001 7900000 C
06 1 13600001 13800000 C
06 1 15300001 15900000 C
06 1 16600001 16900000 C
06 1 17200001 17400000 C
06 1 17900001 18000000 C
06 1 19000001 19100000 C
06 1 19300001 19500000 C
06 1 19800001 20000000 C
06 1 20500001 20800000 C
06 1 22800001 23000000 C
06 1 24200001 24600000 C
06 1 24800001 25100000 C
06 2 1900001 2000000 Mic
06 2 3000001 3100000 Mic
06 2 3900001 7900000 Mic
06 2 13600001 13800000 Mic
06 2 15300001 15900000 Mic
06 2 16600001 16900000 Mic
06 2 17200001 17400000 C
06 2 17900001 18000000 Mic
06 2 19000001 19100000 Mic
06 2 19300001 19500000 Mic
06 2 19800001 20000000 Mic
06 2 20500001 20800000 Mic
06 2 22800001 23000000 Mic
06 2 24200001 24600000 Mic
06 2 24800001 25100000 Mic
06 3 1900001 2000000 Mic
06 3 3000001 3100000 Mic
06 3 3900001 7900000 Mic
06 3 13600001 13800000 Mic
06 3 15300001 15900000 Mic
06 3 16600001 16900000 Mic
06 3 17200001 17400000 Mic
06 3 17900001 18000000 Mic
06 3 19000001 19100000 Mic
06 3 19300001 19500000 Mic
06 3 19800001 20000000 Mic
06 3 20500001 20800000 Mic
06 3 22800001 23000000 Mic
06 3 24200001 24600000 Mic
06 3 24800001 25100000 Mic
07 0 500001 800000 C
07 0 1300001 2100000 C
07 0 2600001 3500000 C
07 0 5900001 6900000 C
07 0 7100001 7200000 C
07 0 7500001 7800000 C
07 0 8400001 8500000 C
07 0 8600001 8700000 C
07 0 10300001 10500000 C
07 1 500001 800000 C
07 1 1300001 2100000 C
07 1 2600001 3500000 C
07 1 5900001 6900000 C
07 1 7100001 7200000 C
07 1 7500001 7800000 C
07 1 8400001 8500000 C
07 1 8600001 8700000 C
07 1 10300001 10500000 C
07 2 500001 800000 Mic
07 2 1300001 2100000 Mic
07 2 2600001 3500000 Mic
07 2 5900001 6900000 Mic
07 2 7100001 7200000 Mic
07 2 7500001 7800000 Mic
07 2 8400001 8500000 Mic
07 2 8600001 8700000 Mic
07 2 10300001 10500000 Mic
07 3 500001 800000 Mic
07 3 1300001 2100000 Mic
07 3 2600001 3500000 Mic
07 3 5900001 6900000 Mic
07 3 7100001 7200000 Mic
07 3 7500001 7800000 Mic
07 3 8400001 8500000 Mic
07 3 8600001 8700000 Mic
07 3 10300001 10500000 Mic
08 0 1000001 1200000 C
08 0 1300001 1800000 C
08 0 2400001 2900000 C
08 0 3000001 4000000 C
08 0 4600001 6000000 C
08 0 9800001 10600000 C
08 0 10800001 12500000 C
08 0 14100001 16700000 C
08 0 17900001 18700000 C
08 0 19000001 19600000 C
08 0 20300001 21400000 C
08 0 22000001 22100000 C
08 0 22600001 23000000 C
08 0 23800001 24200000 C
08 1 1000001 1200000 C
08 1 1300001 1800000 C
08 1 2400001 2900000 C
08 1 3000001 4000000 C
08 1 4600001 6000000 C
08 1 9800001 10600000 C
08 1 10800001 12500000 C
08 1 14100001 16700000 C
08 1 17900001 18700000 C
08 1 19000001 19600000 C
08 1 20300001 21400000 C
08 1 22000001 22100000 C
08 1 22600001 23000000 C
08 1 23800001 24200000 C
08 2 1000001 1200000 Mic
08 2 1300001 1800000 Mic
08 2 2400001 2900000 Mic
08 2 3000001 4000000 Mic
08 2 4600001 6000000 Mic
08 2 9800001 10600000 C
08 2 10800001 12500000 Mic
08 2 14100001 16700000 Mic
08 2 17900001 18700000 Mic
08 2 19000001 19600000 Mic
08 2 20300001 21400000 Mic
08 2 22000001 22100000 Mic
08 2 22600001 23000000 Mic
08 2 23800001 24200000 Mic
08 3 1000001 1200000 Mic
08 3 1300001 1800000 Mic
08 3 2400001 2900000 Mic
08 3 3000001 4000000 Mic
08 3 4600001 6000000 Mic
08 3 9800001 10600000 Mic
08 3 10800001 12500000 Mic
08 3 14100001 16700000 Mic
08 3 17900001 18700000 Mic
08 3 19000001 19600000 Mic
08 3 20300001 21400000 Mic
08 3 22000001 22100000 Mic
08 3 22600001 23000000 Mic
08 3 23800001 24200000 Mic
09 0 1 400000 C
09 0 1100001 1200000 C
09 0 2300001 2500000 C
09 0 3300001 3500000 C
09 0 3700001 3800000 C
09 0 9500001 11300000 C
09 0 12500001 13300000 C
09 0 13600001 13900000 C
09 0 14500001 14900000 C
09 0 15700001 17600000 C
09 0 23300001 23400000 C
09 0 23500001 26300000 C
09 0 27600001 28800000 C
09 0 29000001 29200000 C
09 0 29600001 29800000 C
09 0 30200001 31200000 C
09 1 1 400000 C
09 1 1100001 1200000 C
09 1 2300001 2500000 C
09 1 3300001 3500000 C
09 1 3700001 3800000 C
09 1 9500001 11300000 C
09 1 12500001 13300000 C
09 1 13600001 13900000 C
09 1 14500001 14900000 C
09 1 15700001 17600000 C
09 1 23300001 23400000 C
09 1 23500001 26300000 C
09 1 27600001 27800000 Mic
09 1 27800001 28800000 C
09 1 29000001 29200000 C
09 1 29600001 29800000 C
09 1 30200001 31200000 C
09 2 1 400000 Mic
09 2 1100001 1200000 Mic
09 2 2300001 2500000 Mic
09 2 3300001 3500000 Mic
09 2 3700001 3800000 Mic
09 2 9500001 11300000 Mic
09 2 12500001 13300000 Mic
09 2 13600001 13900000 Mic
09 2 14500001 14900000 C
09 2 15700001 17600000 Mic
09 2 23300001 23400000 Mic
09 2 23500001 26300000 Mic
09 2 27600001 28800000 Mic
09 2 29000001 29200000 Mic
09 2 29600001 29800000 Mic
09 2 30200001 31200000 Mic
09 3 1 400000 Mic
09 3 1100001 1200000 Mic
09 3 2300001 2500000 Mic
09 3 3300001 3500000 Mic
09 3 3700001 3800000 Mic
09 3 9500001 11300000 Mic
09 3 12500001 13300000 Mic
09 3 13600001 13900000 Mic
09 3 14500001 14900000 Mic
09 3 15700001 17600000 Mic
09 3 23300001 23400000 Mic
09 3 23500001 26300000 Mic
09 3 27600001 28800000 Mic
09 3 29000001 29200000 Mic
09 3 29600001 29800000 Mic
09 3 30200001 31200000 Mic
