01 0 1 20887 un
01 0 20888 28229722 BB
01 0 28229723 29070452 un
01 1 1 20887 un
01 1 20888 1362898 AA
01 1 1763629 2353041 un
01 1 2924934 4354467 AA
01 1 5246578 5776496 un
01 1 6283060 25101991 AA
01 1 26251476 26251476 un
01 1 27573724 28229722 AA
01 1 28229723 29070452 un
01 2 1 20887 un
01 2 20888 28229722 AA
01 2 28229723 29070452 un
02 0 1 2432379 un
02 0 2432380 29438438 AA
02 0 29438439 29511734 un
02 1 1 2432379 un
02 1 2432380 16745189 AA
02 1 17299964 17299964 un
02 1 17862246 21829949 AA
02 1 22612463 22994999 un
02 1 23450851 27431260 AA
02 1 27807162 27807162 un
02 1 28337523 29438438 AA
02 1 29438439 29511734 un
02 2 1 2432379 un
02 2 2432380 28337523 BB
02 2 29073894 29438438 AA
02 2 29438439 29511734 un
03 0 1 108193 un
03 0 108194 35001189 AA
03 0 35001190 35020413 un
03 1 1 108193 un
03 1 108194 3138405 AA
03 1 3924575 35001189 BB
03 1 35001190 35020413 un
03 2 1 108193 un
03 2 108194 8826782 AA
03 2 9509820 9509820 un
03 2 10175633 27094296 AA
03 2 27753231 27753231 un
03 2 28504943 32498155 AA
03 2 33463888 33463888 un
03 2 34066400 34066400 AA
03 2 34575040 35001189 un
03 2 35001190 35020413 un
04 0 1 40986 un
04 0 40987 3952308 AA
04 0 4505188 37039672 BB
04 0 37039673 37105743 un
04 1 1 40986 un
04 1 40987 33765403 AA
04 1 34322299 34322299 un
04 1 34948417 37039672 AA
04 1 37039673 37105743 un
04 2 1 40986 un
04 2 40987 37039672 AA
04 2 37039673 37105743 un
05 0 1 41268 un
05 0 41269 41717309 AA
05 0 41717310 41853232 un
05 1 1 41268 un
05 1 41269 41717309 AA
05 1 41717310 41853232 un
05 2 1 41268 un
05 2 41269 41717309 BB
05 2 41717310 41853232 un
06 0 1 110593 un
06 0 110594 37576547 BB
06 0 37576548 37593364 un
06 1 1 110593 un
06 1 110594 37576547 AA
06 1 37576548 37593364 un
06 2 1 110593 un
06 2 110594 11813569 AA
06 2 12549217 12549217 un
06 2 14050413 17463874 AA
06 2 20241800 20241800 un
06 2 22599437 37576547 AA
06 2 37576548 37593364 un
07 0 1 64699 un
07 0 64700 1893520 AA
07 0 2381617 2381617 un
07 0 2964471 3484414 AA
07 0 4257279 4257279 un
07 0 4665134 9689556 AA
07 0 10322921 10322921 un
07 0 11431669 21182824 AA
07 0 24942610 24942610 un
07 0 27076689 30295017 AA
07 0 31336811 31336811 un
07 0 31982902 35010947 AA
07 0 35010948 35028021 un
07 1 1 64699 un
07 1 64700 35010947 AA
07 1 35010948 35028021 un
07 2 1 64699 un
07 2 64700 35010947 BB
07 2 35010948 35028021 un
08 0 1 60354 un
08 0 60355 7232309 AA
08 0 7969261 7969261 un
08 0 8920023 8920023 AA
08 0 9826163 9826163 un
08 0 11045657 17706136 AA
08 0 21635029 21635029 un
08 0 25524992 44859922 AA
08 0 44859923 44889171 un
08 1 1 60354 un
08 1 60355 44859922 BB
08 1 44859923 44889171 un
08 2 1 60354 un
08 2 60355 44859922 AA
08 2 44859923 44889171 un
09 0 1 51112 un
09 0 51113 4441169 AA
09 0 4995252 5615393 un
09 0 6310136 13283005 AA
09 0 17767254 17767254 un
09 0 20684684 41240283 AA
09 0 41240284 41306725 un
09 1 1 51112 un
09 1 51113 4441169 AA
09 1 4995252 41240283 BB
09 1 41240284 41306725 un
09 2 1 51112 un
09 2 51113 41240283 AA
09 2 41240284 41306725 un
10 0 1 520082 un
10 0 520083 37665347 BB
10 0 37665348 37674811 un
10 1 1 520082 un
10 1 520083 37665347 AA
10 1 37665348 37674811 un
10 2 1 520082 un
10 2 520083 2655604 AA
10 2 5089046 7950414 un
10 2 11519639 30382081 AA
10 2 30860600 30860600 un
10 2 31285161 33480914 AA
10 2 34134797 34710550 un
10 2 35300584 37665347 AA
10 2 37665348 37674811 un
11 0 1 182112 un
11 0 182113 12124373 AA
11 0 15834107 15834107 un
11 0 16478593 25978193 AA
11 0 26586070 27180792 un
11 0 27584940 27913438 AA
11 0 27913439 27954350 un
11 1 1 182112 un
11 1 182113 27913438 AA
11 1 27913439 27954350 un
11 2 1 182112 un
11 2 182113 27913438 BB
11 2 27913439 27954350 un
