01 0 1 545220 #1440cd
01 0 545333 1161947 #b4b4b4
01 0 1161962 1162078 #9a029a
01 0 1162088 1162117 #b4b4b4
01 0 1162139 1162883 #9a029a
01 0 1162925 1167512 #b4b4b4
01 0 1167536 1187222 #9a029a
01 0 1187228 1187228 #b4b4b4
01 0 1187261 1187516 #9a029a
01 0 1187676 1187733 #b4b4b4
01 0 1187751 1187913 #9a029a
01 0 1187958 1202545 #b4b4b4
01 0 1202563 1204213 #9a029a
01 0 1251334 1371338 #b4b4b4
01 0 1371396 1894137 #9a029a
01 0 1897688 1898195 #b4b4b4
01 0 1898422 1901220 #9a029a
01 0 1901226 1901283 #b4b4b4
01 0 1901352 1987391 #9a029a
01 0 1987812 1988291 #b4b4b4
01 0 2022848 2060567 #9a029a
01 0 2060571 2072797 #b4b4b4
01 0 2072817 2074238 #9a029a
01 0 2074248 2076815 #b4b4b4
01 0 2076820 2089703 #9a029a
01 0 2092372 2092372 #b4b4b4
01 0 2092382 2141480 #9a029a
01 0 2141596 2142224 #b4b4b4
01 0 2142374 2142407 #9a029a
01 0 2142462 2142633 #b4b4b4
01 0 2142688 2142688 #9a029a
01 0 2142745 2142763 #b4b4b4
01 0 2142769 2142856 #9a029a
01 0 2142871 2142871 #b4b4b4
01 0 2142874 2302347 #9a029a
01 0 2302476 2314911 #b4b4b4
01 0 2315570 2317646 #9a029a
01 0 2317682 2628106 #b4b4b4
01 0 2628115 2698286 #9a029a
01 0 2698310 2702477 #b4b4b4
01 0 2785356 2785356 #9a029a
01 0 2785426 2840511 #b4b4b4
01 0 2840574 2840591 #9a029a
01 0 2840763 2840763 #b4b4b4
01 0 2840812 2841546 #9a029a
01 0 2841558 3164635 #b4b4b4
01 0 3164681 3175265 #9a029a
01 0 3175275 3230597 #b4b4b4
01 0 3230653 3230653 #9a029a
01 0 3230700 3230700 #b4b4b4
01 0 3235146 3279489 #9a029a
01 0 3280790 3284531 #b4b4b4
01 0 3284751 3284751 #9a029a
01 0 3284906 3305776 #b4b4b4
01 0 3305937 3309028 #9a029a
01 0 3311953 3315451 #b4b4b4
01 0 3329208 3590493 #9a029a
01 0 3591413 3618653 #b4b4b4
01 0 3647554 4657606 #9a029a
01 0 4659871 4660048 #b4b4b4
01 0 4660063 4988121 #9a029a
01 0 4988374 5015229 #b4b4b4
01 0 5015529 5015532 #9a029a
01 0 5015606 5920117 #b4b4b4
01 0 5920123 5929681 #9a029a
01 0 5929711 7274102 #b4b4b4
01 0 7274204 7350400 #9a029a
01 0 7350407 7373153 #b4b4b4
01 0 7373988 7374164 #9a029a
01 0 7374172 7374535 #b4b4b4
01 0 7374585 10293797 #9a029a
01 0 10293805 10302757 #b4b4b4
01 0 10302790 10506970 #9a029a
01 0 10506985 11378002 #b4b4b4
01 0 11378110 13237962 #9a029a
01 0 13240544 13853697 #b4b4b4
01 0 13853802 13981284 #9a029a
01 0 13981412 29070452 #b4b4b4
01 1 1 3560125 #1440cd
01 1 3560145 3560158 #b4b4b4
01 1 3560341 3666292 #1440cd
01 1 3667757 3667757 #b4b4b4
01 1 3667820 3735773 #1440cd
01 1 3735848 3735903 #b4b4b4
01 1 3735940 3735940 #1440cd
01 1 3735948 3741775 #b4b4b4
01 1 3741823 3742727 #1440cd
01 1 3742780 4676887 #b4b4b4
01 1 4676908 5818226 #1440cd
01 1 5818234 5818402 #b4b4b4
01 1 5818456 5821464 #1440cd
01 1 5824216 5845027 #b4b4b4
01 1 5845054 5879047 #1440cd
01 1 5879137 5886719 #b4b4b4
01 1 5886728 5887884 #1440cd
01 1 5887979 5893725 #b4b4b4
01 1 5894053 5900571 #1440cd
01 1 5901045 5937015 #b4b4b4
01 1 5937060 5937614 #1440cd
01 1 5937708 5939395 #b4b4b4
01 1 5939615 5939615 #1440cd
01 1 5939661 5949009 #b4b4b4
01 1 5949125 7705232 #1440cd
01 1 7705272 7719777 #b4b4b4
01 1 7719798 7719798 #1440cd
01 1 7719816 7855310 #b4b4b4
01 1 7855377 8035909 #1440cd
01 1 8035948 8036737 #b4b4b4
01 1 8036760 12662189 #1440cd
01 1 12662251 12662353 #b4b4b4
01 1 12662383 29070452 #1440cd
02 0 1 17140990 #c00000
02 0 17143293 17613503 #b4b4b4
02 0 17613506 17614405 #9a029a
02 0 17614916 17721737 #b4b4b4
02 0 17721752 18095566 #9a029a
02 0 18095669 19668227 #b4b4b4
02 0 19668242 19827459 #9a029a
02 0 19843716 19846470 #b4b4b4
02 0 19846542 19846596 #9a029a
02 0 19856434 20912871 #b4b4b4
02 0 20914631 21031543 #1440cd
02 0 21031567 21089133 #b4b4b4
02 0 21089269 22171762 #1440cd
02 0 22171793 22224246 #b4b4b4
02 0 22224258 22245998 #1440cd
02 0 22246139 22814315 #b4b4b4
02 0 22814382 22816883 #1440cd
02 0 22816889 22817839 #b4b4b4
02 0 22817911 22899554 #1440cd
02 0 22901188 22906133 #b4b4b4
02 0 22906165 22950610 #1440cd
02 0 22951163 22968387 #b4b4b4
02 0 22968424 23283055 #1440cd
02 0 23283059 23283428 #b4b4b4
02 0 23315926 23419175 #1440cd
02 0 23419217 23421088 #b4b4b4
02 0 23421120 23522426 #1440cd
02 0 23522490 24047599 #b4b4b4
02 0 24047614 28196577 #00b009
02 0 28196834 28781560 #b4b4b4
02 0 28781605 28835563 #c00000
02 0 28835576 28835752 #b4b4b4
02 0 28835818 28846301 #c00000
02 0 28846329 28846367 #b4b4b4
02 0 28846389 28846488 #c00000
02 0 28847019 28847077 #b4b4b4
02 0 28847101 29511734 #c00000
02 1 1 14721532 #b4b4b4
02 1 14721579 14721898 #9a029a
02 1 14721919 15012660 #b4b4b4
02 1 15012722 15013024 #9a029a
02 1 15013027 15013027 #b4b4b4
02 1 15013048 15013048 #9a029a
02 1 15013233 15015428 #b4b4b4
02 1 15015446 15032769 #9a029a
02 1 15032807 15063416 #b4b4b4
02 1 15063565 15073419 #9a029a
02 1 15075493 15083488 #b4b4b4
02 1 15083503 15099146 #9a029a
02 1 15099161 15101691 #b4b4b4
02 1 15101757 15110291 #9a029a
02 1 15110294 15113410 #b4b4b4
02 1 15113418 15125648 #9a029a
02 1 15125723 15137201 #b4b4b4
02 1 15137223 15138296 #9a029a
02 1 15138414 17103471 #b4b4b4
02 1 17103477 17103523 #1440cd
02 1 17103562 17139341 #b4b4b4
02 1 17139430 17150150 #1440cd
02 1 17150248 17474876 #b4b4b4
02 1 17474882 19725029 #1440cd
02 1 19725066 20393832 #b4b4b4
02 1 20394108 28742861 #00b009
02 1 28742911 29511734 #b4b4b4
03 0 1 31292631 #c00000
03 0 31295311 31297571 #b4b4b4
03 0 31300549 32299684 #c00000
03 0 32299790 32300847 #b4b4b4
03 0 32300913 32346565 #c00000
03 0 32347524 33960525 #b4b4b4
03 0 33960805 33960805 #1440cd
03 0 34009075 34009336 #b4b4b4
03 0 34009348 34056934 #1440cd
03 0 34056964 34102927 #b4b4b4
03 0 34102936 34117513 #1440cd
03 0 34117558 34117558 #b4b4b4
03 0 34131797 34132706 #1440cd
03 0 34132995 34184590 #b4b4b4
03 0 34184647 34184647 #1440cd
03 0 34186034 35020413 #b4b4b4
03 1 1 866076 #00b009
03 1 866571 1097290 #b4b4b4
03 1 1097335 1098235 #9a029a
03 1 1098459 1117247 #b4b4b4
03 1 1119128 1119176 #9a029a
03 1 1119230 1119485 #b4b4b4
03 1 1121073 2568421 #9a029a
03 1 2568428 2594842 #b4b4b4
03 1 2594897 2595625 #9a029a
03 1 2595631 2595631 #b4b4b4
03 1 2595769 2670765 #9a029a
03 1 2670851 10256741 #b4b4b4
03 1 10304565 23884408 #00b009
03 1 23884917 24161547 #b4b4b4
03 1 24161552 24161552 #c00000
03 1 24161564 24161625 #b4b4b4
03 1 24161645 24184249 #c00000
03 1 24184286 24241178 #b4b4b4
03 1 24241366 24241399 #c00000
03 1 24241538 24242069 #b4b4b4
03 1 24242980 24243028 #c00000
03 1 24243037 24250860 #b4b4b4
03 1 24250866 24271395 #c00000
03 1 24271480 24322843 #b4b4b4
03 1 24322847 24323086 #c00000
03 1 24323092 24323152 #b4b4b4
03 1 24323155 24337113 #c00000
03 1 24337708 24337903 #b4b4b4
03 1 24337927 24337977 #c00000
03 1 24338050 24339034 #b4b4b4
03 1 24339084 24599515 #c00000
03 1 24601351 24616039 #b4b4b4
03 1 24616058 24761838 #c00000
03 1 24761847 24763010 #b4b4b4
03 1 24763037 24763081 #c00000
03 1 24763087 24763324 #b4b4b4
03 1 24763390 24812154 #c00000
03 1 24812178 24895798 #b4b4b4
03 1 24895984 24899396 #c00000
03 1 24899576 25036149 #b4b4b4
03 1 25038577 25051638 #c00000
03 1 25058839 25058839 #b4b4b4
03 1 25058863 25058863 #c00000
03 1 25058871 25058899 #b4b4b4
03 1 25058988 25076777 #c00000
03 1 25076824 25080388 #b4b4b4
03 1 25080406 25902059 #c00000
03 1 25926211 25976574 #b4b4b4
03 1 25976624 26055493 #c00000
03 1 26057366 26174247 #b4b4b4
03 1 26198355 26544044 #c00000
03 1 26544250 26867261 #b4b4b4
03 1 26867273 26890287 #c00000
03 1 26890386 26946198 #b4b4b4
03 1 26946793 26973718 #c00000
03 1 26973782 27074402 #b4b4b4
03 1 27074410 27155716 #c00000
03 1 27156142 28853649 #b4b4b4
03 1 28889102 28995255 #1440cd
03 1 28995336 29200059 #b4b4b4
03 1 29200240 29200291 #1440cd
03 1 29200294 29202726 #b4b4b4
03 1 29202731 30170026 #1440cd
03 1 30178984 30178984 #b4b4b4
03 1 30179004 30179081 #1440cd
03 1 30179091 30676257 #b4b4b4
03 1 30676416 30680275 #1440cd
03 1 30680362 30751563 #b4b4b4
03 1 30751726 30751822 #1440cd
03 1 30751828 30751828 #b4b4b4
03 1 30751870 30752230 #1440cd
03 1 30752314 30970543 #b4b4b4
03 1 30970565 31301144 #1440cd
03 1 31301255 31302634 #b4b4b4
03 1 31302702 31343047 #1440cd
03 1 31343050 31416289 #b4b4b4
03 1 31442491 31442618 #1440cd
03 1 31442636 31444620 #b4b4b4
03 1 31444677 31478925 #1440cd
03 1 31478969 31480248 #b4b4b4
03 1 31480356 31532951 #1440cd
03 1 31532957 33008051 #b4b4b4
03 1 33008058 33009574 #9a029a
03 1 33009583 33061159 #b4b4b4
03 1 33061164 35020413 #9a029a
04 0 1 18711769 #00b009
04 0 18711780 18717210 #b4b4b4
04 0 18717609 18717665 #00b009
04 0 18717687 18742932 #b4b4b4
04 0 18793189 18794079 #00b009
04 0 18794112 20066368 #b4b4b4
04 0 20117178 20120494 #00b009
04 0 20120506 20151716 #b4b4b4
04 0 20151733 20492558 #00b009
04 0 20492612 20492771 #b4b4b4
04 0 20492810 23424561 #00b009
04 0 23424566 23427690 #b4b4b4
04 0 23427693 23546797 #00b009
04 0 23546893 23546893 #b4b4b4
04 0 23546947 23629745 #00b009
04 0 23631840 23685670 #b4b4b4
04 0 23685737 24079227 #00b009
04 0 24079233 24160628 #b4b4b4
04 0 24161747 24161747 #00b009
04 0 24161908 24161908 #b4b4b4
04 0 24193165 36198722 #00b009
04 0 36198726 37105743 #b4b4b4
04 1 1 1003990 #00b009
04 1 1004027 1004027 #b4b4b4
04 1 1004163 1284984 #00b009
04 1 1284997 1287822 #b4b4b4
04 1 1287833 1311608 #00b009
04 1 1311621 1396188 #b4b4b4
04 1 1396302 1396386 #00b009
04 1 1396492 1403258 #b4b4b4
04 1 1403263 1403393 #00b009
04 1 1403500 1403500 #b4b4b4
04 1 1403559 1665417 #00b009
04 1 1665445 1669464 #1440cd
04 1 1669736 1669743 #b4b4b4
04 1 1669756 1669808 #1440cd
04 1 1669820 1669913 #b4b4b4
04 1 1669923 1789240 #1440cd
04 1 1791939 1895631 #b4b4b4
04 1 1895635 2164287 #1440cd
04 1 2172551 2172654 #b4b4b4
04 1 2172658 3634357 #1440cd
04 1 3634365 3634365 #b4b4b4
04 1 3645425 3645425 #1440cd
04 1 3645623 6186009 #b4b4b4
04 1 6186051 6212950 #1440cd
04 1 6212956 6212956 #b4b4b4
04 1 6212962 6218985 #1440cd
04 1 6219000 6219057 #b4b4b4
04 1 6219072 6219866 #1440cd
04 1 6219898 6219898 #b4b4b4
04 1 6220714 6235673 #1440cd
04 1 6235938 6268325 #b4b4b4
04 1 6268359 6581089 #1440cd
04 1 6581203 6583213 #b4b4b4
04 1 6584649 6662654 #1440cd
04 1 6662678 6795720 #b4b4b4
04 1 6795762 6825698 #1440cd
04 1 6825773 6871347 #b4b4b4
04 1 6871671 6904125 #1440cd
04 1 6904128 7248817 #b4b4b4
04 1 7252494 7252494 #1440cd
04 1 7252510 7253080 #b4b4b4
04 1 7253122 7253192 #1440cd
04 1 7253197 7567717 #b4b4b4
04 1 7567756 7773896 #1440cd
04 1 7774917 7775615 #b4b4b4
04 1 7775620 7882263 #1440cd
04 1 7882397 7932495 #b4b4b4
04 1 7932501 7967304 #1440cd
04 1 7967322 7971430 #b4b4b4
04 1 7971473 7971706 #1440cd
04 1 7973514 7974996 #b4b4b4
04 1 7975151 8022399 #1440cd
04 1 8022408 8040024 #b4b4b4
04 1 8040104 8040104 #1440cd
04 1 8040113 8058644 #b4b4b4
04 1 8058754 8145712 #1440cd
04 1 8147699 8154890 #b4b4b4
04 1 8154922 8156677 #1440cd
04 1 8156756 8157186 #b4b4b4
04 1 8157191 8414633 #1440cd
04 1 8414639 8463440 #b4b4b4
04 1 8463455 8463458 #1440cd
04 1 8463473 8465443 #b4b4b4
04 1 8465455 8466527 #1440cd
04 1 8467258 8467408 #b4b4b4
04 1 8467477 8470669 #1440cd
04 1 8470699 8475536 #b4b4b4
04 1 8475560 20065860 #1440cd
04 1 20065950 20124227 #b4b4b4
04 1 20124243 20124243 #1440cd
04 1 20128162 20128335 #b4b4b4
04 1 20128405 20223870 #1440cd
04 1 20223883 20225319 #b4b4b4
04 1 20225383 20225383 #1440cd
04 1 20225593 20225593 #b4b4b4
04 1 20234768 20320788 #1440cd
04 1 20321069 22174539 #b4b4b4
04 1 22174712 24259349 #1440cd
04 1 24259430 24303360 #b4b4b4
04 1 24303384 24303465 #1440cd
04 1 24303616 24440299 #b4b4b4
04 1 24440497 24525173 #1440cd
04 1 24525353 24525882 #b4b4b4
04 1 24525921 24955368 #1440cd
04 1 24955875 24956599 #b4b4b4
04 1 24956630 24995309 #1440cd
04 1 24996411 24997441 #b4b4b4
04 1 25003893 25004870 #1440cd
04 1 25004891 25009438 #b4b4b4
04 1 25009445 25055854 #1440cd
04 1 25055893 25270851 #b4b4b4
04 1 25270861 27037633 #1440cd
04 1 27037658 29194181 #00b009
04 1 29194184 29644865 #b4b4b4
04 1 29644873 29660367 #1440cd
04 1 29660388 29669770 #b4b4b4
04 1 29669842 29671660 #1440cd
04 1 29709693 29712551 #b4b4b4
04 1 29717784 30438206 #1440cd
04 1 30438223 31104682 #c00000
04 1 31104736 31109454 #00b009
04 1 31109668 31109847 #c00000
04 1 31109908 31117151 #00b009
04 1 31117433 31117433 #c00000
04 1 31117446 31126283 #00b009
04 1 31126418 31162073 #c00000
04 1 31162578 31168264 #00b009
04 1 31168304 31196989 #c00000
04 1 31196992 32626739 #00b009
04 1 32626742 32956028 #b4b4b4
04 1 32956048 33029667 #00b009
04 1 33029709 33031032 #b4b4b4
04 1 33031134 35231854 #00b009
04 1 35231861 35232062 #b4b4b4
04 1 35232075 35239233 #00b009
04 1 35239236 35299235 #c00000
04 1 35299378 35346230 #b4b4b4
04 1 35346397 35346482 #c00000
04 1 35375872 35375872 #b4b4b4
04 1 35375921 35411186 #c00000
04 1 35411414 35484700 #b4b4b4
04 1 35484815 35535808 #c00000
04 1 35535819 35536203 #b4b4b4
04 1 35536369 35573003 #c00000
04 1 35573150 35657993 #b4b4b4
04 1 35658038 35670309 #c00000
04 1 35670384 35682658 #b4b4b4
04 1 35682665 35682665 #c00000
04 1 35682752 35767534 #b4b4b4
04 1 35767625 35816611 #c00000
04 1 35816644 36275259 #b4b4b4
04 1 36275396 37105743 #c00000
05 0 1 1013782 #9a029a
05 0 1013791 1015596 #b4b4b4
05 0 1015607 1101481 #9a029a
05 0 1101614 1721512 #b4b4b4
05 0 1721970 3259744 #00b009
05 0 3259774 3259780 #b4b4b4
05 0 3259786 3265704 #00b009
05 0 3266058 3268696 #b4b4b4
05 0 3269806 3419491 #00b009
05 0 3419521 3422876 #b4b4b4
05 0 3422897 3422978 #00b009
05 0 3423014 3423014 #b4b4b4
05 0 3423071 3423353 #00b009
05 0 3423359 3423550 #b4b4b4
05 0 3423563 3443922 #00b009
05 0 3443958 3537485 #b4b4b4
05 0 3537703 3561065 #00b009
05 0 3561072 5533745 #b4b4b4
05 0 5533758 8633719 #00b009
05 0 8633746 10342092 #b4b4b4
05 0 10342181 32623526 #00b009
05 0 32623550 32823170 #b4b4b4
05 0 32823203 32823203 #c00000
05 0 32824881 32827748 #b4b4b4
05 0 32827794 33660289 #c00000
05 0 33660328 35388721 #b4b4b4
05 0 35389058 35389058 #9a029a
05 0 35389494 35408747 #b4b4b4
05 0 35412974 35421058 #9a029a
05 0 35421061 35421061 #b4b4b4
05 0 35421125 35434526 #9a029a
05 0 35434550 35670557 #b4b4b4
05 0 35670563 35670563 #9a029a
05 0 35670865 35679995 #b4b4b4
05 0 35680439 35751034 #9a029a
05 0 35753355 35753355 #b4b4b4
05 0 35753372 35834577 #9a029a
05 0 35834580 35837197 #b4b4b4
05 0 35885349 35887198 #9a029a
05 0 35935719 35936144 #b4b4b4
05 0 35936250 35936274 #9a029a
05 0 35936388 35936388 #b4b4b4
05 0 35936532 36727225 #9a029a
05 0 36737141 37132761 #b4b4b4
05 0 37132767 37161117 #c00000
05 0 37161165 37161748 #b4b4b4
05 0 37161753 37161902 #c00000
05 0 37161943 37666169 #b4b4b4
05 0 37666217 38413470 #1440cd
05 0 38415123 38415123 #b4b4b4
05 0 38415285 38432078 #1440cd
05 0 38432093 38460219 #b4b4b4
05 0 38460243 38463083 #1440cd
05 0 38485281 38485488 #b4b4b4
05 0 38485520 38530143 #1440cd
05 0 38531370 38536654 #b4b4b4
05 0 38536721 38539289 #1440cd
05 0 38539297 38628298 #b4b4b4
05 0 38628302 38628302 #1440cd
05 0 38628359 38628523 #b4b4b4
05 0 38628559 38628559 #1440cd
05 0 38628737 38628737 #b4b4b4
05 0 38630633 38634509 #1440cd
05 0 38634818 41853232 #b4b4b4
05 1 1 691450 #b4b4b4
05 1 691704 41853232 #00b009
06 0 1 3030334 #00b009
06 0 3030376 3381664 #b4b4b4
06 0 3381679 3381679 #c00000
06 0 3382784 3575114 #b4b4b4
06 0 3575162 3820884 #c00000
06 0 3820977 3886422 #b4b4b4
06 0 3886482 3886878 #c00000
06 0 3887199 3887763 #b4b4b4
06 0 3887848 3919233 #c00000
06 0 3919320 3975311 #b4b4b4
06 0 3975356 3979766 #c00000
06 0 3979871 5292687 #b4b4b4
06 0 5292735 6670163 #1440cd
06 0 6670180 6716312 #b4b4b4
06 0 6716457 7108772 #1440cd
06 0 7108952 7109060 #b4b4b4
06 0 7109086 7109130 #1440cd
06 0 7109133 7137541 #b4b4b4
06 0 7137554 7148667 #1440cd
06 0 7148682 7148682 #b4b4b4
06 0 7148819 7203218 #1440cd
06 0 7203295 7302855 #b4b4b4
06 0 7302922 7303022 #1440cd
06 0 7303101 7706118 #b4b4b4
06 0 7763623 7937969 #1440cd
06 0 7938224 7938224 #b4b4b4
06 0 7938290 8011704 #1440cd
06 0 8011794 8080216 #b4b4b4
06 0 8080253 9565811 #1440cd
06 0 9565821 9959655 #b4b4b4
06 0 9959664 9959728 #00b009
06 0 9959784 9959790 #b4b4b4
06 0 9959871 10728693 #00b009
06 0 10728731 13331381 #b4b4b4
06 0 13331537 14866014 #9a029a
06 0 14866023 15991245 #b4b4b4
06 0 15991325 16023532 #1440cd
06 0 16023627 16124956 #b4b4b4
06 0 16124970 16124987 #1440cd
06 0 16125016 16168637 #b4b4b4
06 0 16168926 16660457 #1440cd
06 0 16660538 16660557 #b4b4b4
06 0 16670184 16670280 #1440cd
06 0 16670380 17001225 #b4b4b4
06 0 17001259 27204320 #1440cd
06 0 27204488 27204488 #b4b4b4
06 0 27204518 27817717 #1440cd
06 0 27817754 27942231 #b4b4b4
06 0 27942267 28177548 #1440cd
06 0 28177571 28178057 #b4b4b4
06 0 28178197 28189798 #1440cd
06 0 28189815 28194810 #b4b4b4
06 0 28195125 28203729 #1440cd
06 0 28203759 28203759 #b4b4b4
06 0 28203779 28244094 #1440cd
06 0 28244108 29013113 #b4b4b4
06 0 29013161 30207716 #9a029a
06 0 30207770 30207770 #b4b4b4
06 0 30207794 30294925 #9a029a
06 0 30295994 30304409 #b4b4b4
06 0 30304424 30304440 #9a029a
06 0 30304457 30579897 #b4b4b4
06 0 30580427 30693741 #9a029a
06 0 30693769 30711032 #b4b4b4
06 0 30711130 30711291 #9a029a
06 0 30711318 30762813 #b4b4b4
06 0 30762943 30762997 #9a029a
06 0 30763074 30794389 #b4b4b4
06 0 30794395 30794440 #9a029a
06 0 30794473 30796088 #b4b4b4
06 0 30796280 30796337 #9a029a
06 0 30800543 31020394 #b4b4b4
06 0 31020497 31037902 #9a029a
06 0 31037960 31037960 #b4b4b4
06 0 31037995 37593364 #9a029a
06 1 1 888341 #b4b4b4
06 1 888937 6880344 #c00000
06 1 6880559 6884189 #b4b4b4
06 1 6884360 6898770 #c00000
06 1 6898781 6919243 #b4b4b4
06 1 6919258 6919258 #c00000
06 1 6920168 6920289 #b4b4b4
06 1 6920324 6920334 #c00000
06 1 6920379 6929208 #b4b4b4
06 1 6929299 8391094 #c00000
06 1 8391151 10844213 #b4b4b4
06 1 10844239 12694349 #c00000
06 1 12694364 24574452 #b4b4b4
06 1 24574604 24698946 #9a029a
06 1 24698952 24698952 #b4b4b4
06 1 24699214 24699600 #9a029a
06 1 24699603 24699672 #b4b4b4
06 1 24699678 25253341 #9a029a
06 1 25253422 31020580 #b4b4b4
06 1 31023460 31146750 #1440cd
06 1 31146859 31148646 #b4b4b4
06 1 31148870 31148929 #1440cd
06 1 31148949 32670815 #b4b4b4
06 1 32670950 32940936 #00b009
06 1 32940957 32941233 #b4b4b4
06 1 32941270 32941405 #00b009
06 1 32941416 32941834 #b4b4b4
06 1 32941845 32944990 #00b009
06 1 32945078 33079460 #b4b4b4
06 1 33079495 34055358 #9a029a
06 1 34055373 34166311 #b4b4b4
06 1 34166679 34166794 #9a029a
06 1 34167197 34167341 #b4b4b4
06 1 34168897 34169017 #9a029a
06 1 34169078 34169143 #b4b4b4
06 1 34172350 34175050 #9a029a
06 1 34175116 34182178 #b4b4b4
06 1 34182276 34258212 #9a029a
06 1 34258337 34258526 #b4b4b4
06 1 34258533 34326448 #9a029a
06 1 34326463 37593364 #b4b4b4
07 0 1 1465320 #00b009
07 0 1465329 4019138 #b4b4b4
07 0 4020538 4020538 #9a029a
07 0 4020545 4020553 #b4b4b4
07 0 4020582 4020582 #9a029a
07 0 4020603 4029314 #b4b4b4
07 0 4029371 4029371 #9a029a
07 0 4029473 4032291 #b4b4b4
07 0 4032297 4032440 #9a029a
07 0 4032551 4032551 #b4b4b4
07 0 4032554 4032554 #9a029a
07 0 4032594 4048296 #b4b4b4
07 0 4048321 4048321 #9a029a
07 0 4048401 4952072 #b4b4b4
07 0 4952127 5368730 #9a029a
07 0 5391684 5395827 #b4b4b4
07 0 5395900 5395900 #9a029a
07 0 5398039 5398039 #b4b4b4
07 0 5399986 5400459 #9a029a
07 0 5452192 5452192 #b4b4b4
07 0 5452309 5470183 #9a029a
07 0 5470200 5481160 #b4b4b4
07 0 5482295 5559481 #9a029a
07 0 5559494 5565260 #b4b4b4
07 0 5565278 5803226 #9a029a
07 0 5803281 5849469 #b4b4b4
07 0 5850822 5894979 #9a029a
07 0 5894994 5901305 #b4b4b4
07 0 5901560 5903072 #9a029a
07 0 5903078 5903078 #b4b4b4
07 0 5903108 5904178 #9a029a
07 0 5905772 5905772 #b4b4b4
07 0 5905777 5963139 #9a029a
07 0 5963183 5963300 #b4b4b4
07 0 5963486 5963486 #9a029a
07 0 5963501 5998481 #b4b4b4
07 0 5998655 5999004 #9a029a
07 0 5999027 5999361 #b4b4b4
07 0 5999375 5999382 #9a029a
07 0 5999409 6013827 #b4b4b4
07 0 6013836 6106625 #9a029a
07 0 6106836 6107078 #b4b4b4
07 0 6107167 6107167 #9a029a
07 0 6107194 6189221 #b4b4b4
07 0 6189250 6221515 #9a029a
07 0 6221575 6224857 #b4b4b4
07 0 6224864 6245068 #9a029a
07 0 6245152 6251738 #b4b4b4
07 0 6251751 6251781 #9a029a
07 0 6251808 6252183 #b4b4b4
07 0 6252255 6255882 #9a029a
07 0 6255894 6256293 #b4b4b4
07 0 6256304 6256556 #9a029a
07 0 6257941 6632926 #b4b4b4
07 0 6633071 6635528 #9a029a
07 0 6635642 6638235 #b4b4b4
07 0 6639125 6639142 #9a029a
07 0 6660038 8644335 #b4b4b4
07 0 8644369 8687669 #9a029a
07 0 8687865 8687865 #b4b4b4
07 0 8687871 10411077 #9a029a
07 0 10411096 10411099 #b4b4b4
07 0 10415798 10415798 #9a029a
07 0 10415831 10417607 #b4b4b4
07 0 10442354 10467263 #9a029a
07 0 10467270 10708966 #b4b4b4
07 0 10708983 11007876 #9a029a
07 0 11007890 11007890 #b4b4b4
07 0 11007915 11012815 #9a029a
07 0 11012825 11012825 #b4b4b4
07 0 11039796 15152188 #9a029a
07 0 15152196 15152315 #b4b4b4
07 0 15158358 15160946 #9a029a
07 0 15161171 15361545 #b4b4b4
07 0 15361558 15361558 #9a029a
07 0 15363215 15555177 #b4b4b4
07 0 15555190 15622913 #9a029a
07 0 15622922 27397329 #b4b4b4
07 0 27397349 27397587 #9a029a
07 0 27397622 27456463 #b4b4b4
07 0 27456510 27456786 #9a029a
07 0 27457414 27503479 #b4b4b4
07 0 27505442 27648212 #9a029a
07 0 27648561 27651528 #b4b4b4
07 0 27679862 27702866 #9a029a
07 0 27702890 27706324 #b4b4b4
07 0 27706443 27777935 #9a029a
07 0 27777956 27778601 #b4b4b4
07 0 27778609 35028021 #9a029a
07 1 1 1405672 #b4b4b4
07 1 1405807 8405634 #c00000
07 1 8410360 8413649 #b4b4b4
07 1 8413695 8421665 #c00000
07 1 8421810 9439925 #b4b4b4
07 1 9439942 9559397 #c00000
07 1 9559706 9567583 #b4b4b4
07 1 9567598 24886227 #c00000
07 1 24888857 24889041 #b4b4b4
07 1 24889111 24889336 #c00000
07 1 24889339 24946057 #b4b4b4
07 1 24950282 24951038 #c00000
07 1 24951059 26908526 #b4b4b4
07 1 26908529 27019306 #c00000
07 1 27019320 27227206 #b4b4b4
07 1 27251691 27252647 #c00000
07 1 27252653 27648561 #b4b4b4
07 1 27651024 27706443 #c00000
07 1 27710811 27716306 #b4b4b4
07 1 27716356 30279541 #c00000
07 1 30279580 30287883 #b4b4b4
07 1 30288174 30358488 #c00000
07 1 30358524 30386708 #b4b4b4
07 1 30386714 32028482 #c00000
07 1 32028585 32101662 #b4b4b4
07 1 32102770 33092654 #c00000
07 1 33093772 33094471 #b4b4b4
07 1 33094522 33140397 #c00000
07 1 33164245 33201794 #b4b4b4
07 1 33202334 33202334 #c00000
07 1 33202347 33204847 #b4b4b4
07 1 33204892 33227637 #c00000
07 1 33306503 33308500 #b4b4b4
07 1 33308509 33308732 #c00000
07 1 33308769 33321000 #b4b4b4
07 1 33321021 33553957 #c00000
07 1 33554223 33554233 #b4b4b4
07 1 33555143 35028021 #c00000
08 0 1 1567864 #9a029a
08 0 1567924 1567996 #b4b4b4
08 0 1568014 1568101 #9a029a
08 0 1568160 1573251 #b4b4b4
08 0 1573349 1573349 #9a029a
08 0 1573376 2567885 #b4b4b4
08 0 2567975 2661927 #c00000
08 0 2662027 2705499 #b4b4b4
08 0 2705609 2720474 #c00000
08 0 2720927 2728937 #b4b4b4
08 0 2728951 2735475 #c00000
08 0 2737421 2747451 #b4b4b4
08 0 2747507 2747669 #c00000
08 0 2747910 2827930 #b4b4b4
08 0 2827943 37676606 #c00000
08 0 37676719 37784746 #b4b4b4
08 0 37784761 37785266 #c00000
08 0 37787255 37793673 #b4b4b4
08 0 37793676 38038691 #c00000
08 0 38038715 38324631 #b4b4b4
08 0 38324673 39095283 #1440cd
08 0 39095289 39909290 #b4b4b4
08 0 39924644 39932038 #9a029a
08 0 39932078 39932082 #b4b4b4
08 0 39932106 39932358 #9a029a
08 0 39933368 39933368 #b4b4b4
08 0 39933478 39965002 #9a029a
08 0 39984001 39985503 #b4b4b4
08 0 39985511 39985533 #9a029a
08 0 39985548 40035012 #b4b4b4
08 0 40035018 40035018 #9a029a
08 0 40037270 40054480 #b4b4b4
08 0 40054492 40420038 #9a029a
08 0 40420490 40420490 #b4b4b4
08 0 40420525 40428388 #9a029a
08 0 40428534 40489221 #b4b4b4
08 0 40500585 40500668 #9a029a
08 0 40500941 40502128 #b4b4b4
08 0 40503510 40532057 #9a029a
08 0 40532063 40532366 #b4b4b4
08 0 40532412 40532412 #9a029a
08 0 40532444 40629458 #b4b4b4
08 0 40633959 40635382 #9a029a
08 0 40637315 40854191 #b4b4b4
08 0 40854198 40905836 #9a029a
08 0 40907116 41612186 #b4b4b4
08 0 41612351 42235051 #9a029a
08 0 42235062 43962972 #b4b4b4
08 0 43963017 44095863 #9a029a
08 0 44119653 44119786 #b4b4b4
08 0 44120616 44889171 #9a029a
08 1 1 1601438 #b4b4b4
08 1 1601471 3506935 #1440cd
08 1 3507093 3507469 #b4b4b4
08 1 3528935 3634728 #1440cd
08 1 3634745 10453758 #b4b4b4
08 1 10453764 40854634 #00b009
08 1 40857721 40857721 #b4b4b4
08 1 40857821 40890820 #00b009
08 1 40890873 40890955 #b4b4b4
08 1 40896303 40896303 #00b009
08 1 40896309 44889171 #b4b4b4
09 0 1 5195989 #00b009
09 0 5196001 5218456 #b4b4b4
09 0 5218474 5252342 #00b009
09 0 5252397 5254417 #b4b4b4
09 0 5254433 5254433 #00b009
09 0 5254446 5254963 #b4b4b4
09 0 5255003 5255190 #00b009
09 0 5255194 5386983 #b4b4b4
09 0 5387809 5390279 #00b009
09 0 5390764 5508741 #b4b4b4
09 0 5508790 5517046 #00b009
09 0 5517105 5517369 #b4b4b4
09 0 5517441 5630691 #00b009
09 0 5630820 5688794 #b4b4b4
09 0 5688850 6814430 #00b009
09 0 6814588 6942769 #b4b4b4
09 0 6942900 6943731 #00b009
09 0 6943938 7199300 #b4b4b4
09 0 7199349 7199627 #9a029a
09 0 7199645 7199660 #b4b4b4
09 0 7199677 7522845 #9a029a
09 0 7542119 7667236 #b4b4b4
09 0 7667531 7667531 #1440cd
09 0 7667593 8703087 #b4b4b4
09 0 8703329 10937052 #c00000
09 0 10942324 11247976 #b4b4b4
09 0 11248024 11248024 #00b009
09 0 11248237 11248237 #b4b4b4
09 0 11248295 37191050 #00b009
09 0 37191213 37242505 #b4b4b4
09 0 37242552 41306725 #c00000
09 1 1 2001304 #b4b4b4
09 1 2001322 4636616 #00b009
09 1 4636697 4636697 #1440cd
09 1 4636814 4638649 #00b009
09 1 4638682 8680170 #1440cd
09 1 8680218 9110727 #b4b4b4
09 1 9112685 9112787 #c00000
09 1 9112802 9209398 #b4b4b4
09 1 9210877 9268347 #c00000
09 1 9268366 9449435 #b4b4b4
09 1 9449441 9505377 #c00000
09 1 9516727 11312886 #b4b4b4
09 1 11312907 12488291 #9a029a
09 1 12488356 35739242 #b4b4b4
09 1 35744792 35862458 #00b009
09 1 35862558 35863411 #b4b4b4
09 1 35863429 35863429 #00b009
09 1 35863548 35863666 #b4b4b4
09 1 35863672 35864562 #00b009
09 1 35864575 35865087 #b4b4b4
09 1 35865150 36464043 #00b009
09 1 36464048 37545851 #b4b4b4
09 1 37545854 37545854 #1440cd
09 1 37545863 37547914 #b4b4b4
09 1 37547933 38057276 #1440cd
09 1 38057288 38057324 #b4b4b4
09 1 38057342 38057863 #1440cd
09 1 38057933 38699732 #b4b4b4
09 1 38699735 41306725 #00b009
10 0 1 29699370 #00b009
10 0 29704666 29708408 #b4b4b4
10 0 29708430 29708430 #00b009
10 0 29708497 30070110 #b4b4b4
10 0 30070175 30087373 #c00000
10 0 30087460 30141574 #b4b4b4
10 0 30141607 30141607 #c00000
10 0 30141616 30141745 #b4b4b4
10 0 30141805 30142267 #c00000
10 0 30142284 30210269 #b4b4b4
10 0 30210319 30212356 #c00000
10 0 30212807 30212889 #b4b4b4
10 0 30213399 30216881 #c00000
10 0 30219235 30243549 #b4b4b4
10 0 30243703 30247850 #c00000
10 0 30247925 30249398 #b4b4b4
10 0 30252235 30291761 #c00000
10 0 30291767 30292797 #b4b4b4
10 0 30292802 30292925 #c00000
10 0 30292943 30553156 #b4b4b4
10 0 30553165 30553165 #c00000
10 0 30554039 30593326 #b4b4b4
10 0 30593386 30593389 #c00000
10 0 30593413 30597011 #b4b4b4
10 0 30597084 30613424 #c00000
10 0 30613442 30634118 #b4b4b4
10 0 30634173 30639045 #c00000
10 0 30639144 30639555 #b4b4b4
10 0 30641371 30646271 #c00000
10 0 30648371 30648593 #b4b4b4
10 0 30648629 30654880 #c00000
10 0 30654883 30660108 #b4b4b4
10 0 30660189 32183106 #c00000
10 0 32184471 32185776 #b4b4b4
10 0 32187493 32196656 #c00000
10 0 32213143 32213180 #b4b4b4
10 0 32213510 32264091 #c00000
10 0 32265010 32267787 #b4b4b4
10 0 32269293 32269293 #c00000
10 0 32269296 32373548 #b4b4b4
10 0 32373562 32416309 #c00000
10 0 32416332 32453141 #b4b4b4
10 0 32453175 33681666 #c00000
10 0 33681699 34476362 #b4b4b4
10 0 34476848 34478264 #c00000
10 0 34478270 34479858 #b4b4b4
10 0 34479870 36009919 #c00000
10 0 36010024 36012110 #b4b4b4
10 0 36012120 37674811 #00b009
10 1 1 4492171 #9a029a
10 1 4492174 4492174 #b4b4b4
10 1 4492213 4492264 #9a029a
10 1 4492324 4493446 #b4b4b4
10 1 4493563 4493941 #9a029a
10 1 4493986 4493986 #b4b4b4
10 1 4494040 4494059 #9a029a
10 1 4494067 4494145 #b4b4b4
10 1 4494151 4494368 #00b009
10 1 4496220 5007413 #b4b4b4
10 1 5007416 5010208 #00b009
10 1 5010216 25683259 #b4b4b4
10 1 25683273 25683333 #9a029a
10 1 25683346 25685870 #b4b4b4
10 1 25685888 25726135 #9a029a
10 1 25726139 25726412 #b4b4b4
10 1 25726463 25838034 #9a029a
10 1 25838057 25838094 #b4b4b4
10 1 25838124 25838130 #9a029a
10 1 25838178 26663741 #b4b4b4
10 1 26663768 27927279 #9a029a
10 1 27927964 27928087 #b4b4b4
10 1 27928351 28119206 #9a029a
10 1 28119218 28137255 #b4b4b4
10 1 28137275 28138630 #9a029a
10 1 28139054 28143062 #b4b4b4
10 1 28228447 28228516 #9a029a
10 1 28228538 28231046 #b4b4b4
10 1 28231058 28373908 #9a029a
10 1 28373967 28601437 #b4b4b4
10 1 28601501 28606710 #9a029a
10 1 28618292 28618689 #b4b4b4
10 1 28618702 28618788 #9a029a
10 1 28618933 28618933 #b4b4b4
10 1 28618997 29263026 #9a029a
10 1 29263799 29263814 #b4b4b4
10 1 29263833 29263996 #9a029a
10 1 29264022 29264022 #b4b4b4
10 1 29264076 29264076 #9a029a
10 1 29264374 29264404 #b4b4b4
10 1 29264413 29266554 #9a029a
10 1 29266699 29385940 #b4b4b4
10 1 29386003 29425001 #9a029a
10 1 29426593 29426774 #b4b4b4
10 1 29426832 29456060 #9a029a
10 1 29456096 29485328 #b4b4b4
10 1 29485374 29588578 #9a029a
10 1 29588602 31027313 #b4b4b4
10 1 31027405 31027903 #c00000
10 1 31028308 31042712 #b4b4b4
10 1 31042719 31042890 #c00000
10 1 31042935 31107177 #b4b4b4
10 1 31107206 31152489 #c00000
10 1 31152531 35200568 #b4b4b4
10 1 35200622 35222606 #c00000
10 1 35222681 35252078 #b4b4b4
10 1 35253968 35256924 #c00000
10 1 35257030 35257030 #b4b4b4
10 1 35257178 35260991 #c00000
10 1 35261048 35587846 #b4b4b4
10 1 35587876 36096619 #00b009
10 1 36096650 36118869 #b4b4b4
10 1 36118916 37674811 #00b009
11 0 1 3430190 #9a029a
11 0 3430228 3832947 #b4b4b4
11 0 3833505 5839065 #00b009
11 0 5841352 5845388 #b4b4b4
11 0 5845535 5846633 #00b009
11 0 5846640 6561170 #b4b4b4
11 0 6561173 25306824 #00b009
11 0 25321370 25323198 #b4b4b4
11 0 25323848 25324404 #00b009
11 0 25324446 25324446 #b4b4b4
11 0 25324533 25326045 #00b009
11 0 25326599 27954350 #b4b4b4
11 1 1 2109961 #b4b4b4
11 1 2109973 6583531 #c00000
11 1 6583561 19057171 #b4b4b4
11 1 19057224 19087661 #00b009
11 1 19090066 19118025 #b4b4b4
11 1 19118073 19165335 #00b009
11 1 19166233 25483121 #b4b4b4
11 1 25483206 26850492 #c00000
11 1 26850512 27954350 #b4b4b4
