01 0 1 20887 un
01 0 20888 28960423 AA
01 0 28960424 29070452 un
01 1 1 20887 un
01 1 20888 28960423 BB
01 1 28960424 29070452 un
01 2 1 20887 un
01 2 20888 28960423 AA
01 2 28960424 29070452 un
02 0 1 1560258 un
02 0 1560259 29438438 AA
02 0 29438439 29511734 un
02 1 1 1560258 un
02 1 1560259 29438438 BB
02 1 29438439 29511734 un
02 2 1 1560258 un
02 2 1560259 29438438 AA
02 2 29438439 29511734 un
03 0 1 108193 un
03 0 108194 22120173 AA
03 0 22911746 22911746 un
03 0 23630118 35001189 AA
03 0 35001190 35020413 un
03 1 1 108193 un
03 1 108194 35001189 BB
03 1 35001190 35020413 un
03 2 1 108193 un
03 2 108194 35001189 AA
03 2 35001190 35020413 un
04 0 1 40986 un
04 0 40987 7888547 AA
04 0 8379294 8379294 un
04 0 9598605 31912421 AA
04 0 32307796 32307796 un
04 0 33216623 37039672 AA
04 0 37039673 37105743 un
04 1 1 40986 un
04 1 40987 37039672 AA
04 1 37039673 37105743 un
04 2 1 40986 un
04 2 40987 5267606 AA
04 2 5827289 37039672 BB
04 2 37039673 37105743 un
05 0 1 41153 un
05 0 41154 41717309 AA
05 0 41717310 41853232 un
05 1 1 41153 un
05 1 41154 41717309 BB
05 1 41717310 41853232 un
05 2 1 41153 un
05 2 41154 41717309 AA
05 2 41717310 41853232 un
06 0 1 97901 un
06 0 97902 37576547 AA
06 0 37576548 37593364 un
06 1 1 97901 un
06 1 97902 37576547 AA
06 1 37576548 37593364 un
06 2 1 97901 un
06 2 97902 897564 un
06 2 1940906 3096379 AA
06 2 3712842 37576547 BB
06 2 37576548 37593364 un
07 0 1 64699 un
07 0 64700 34869734 AA
07 0 34869735 35028021 un
07 1 1 64699 un
07 1 64700 34869734 BB
07 1 34869735 35028021 un
07 2 1 64699 un
07 2 64700 1392038 BB
07 2 2063066 2485229 un
07 2 2975183 9901354 BB
07 2 10407766 10407766 un
07 2 11150345 31533804 BB
07 2 31982902 31982902 un
07 2 32477405 34869734 BB
07 2 34869735 35028021 un
08 0 1 60354 un
08 0 60355 44859922 AA
08 0 44859923 44889171 un
08 1 1 60354 un
08 1 60355 44859922 AA
08 1 44859923 44889171 un
08 2 1 60354 un
08 2 60355 1281542 BB
08 2 1592661 1592661 un
08 2 1834278 8801596 AA
08 2 9354810 9354810 un
08 2 10330308 44859922 BB
08 2 44859923 44889171 un
09 0 1 51112 un
09 0 51113 7906966 AA
09 0 8176323 8176323 un
09 0 8670425 41302964 AA
09 0 41302965 41306725 un
09 1 1 51112 un
09 1 51113 4194661 AA
09 1 4516265 4516265 un
09 1 5051441 38962125 BB
09 1 39776448 41302964 AA
09 1 41302965 41306725 un
09 2 1 51112 un
09 2 51113 41302964 AA
09 2 41302965 41306725 un
10 0 1 520082 un
10 0 520083 37665347 AA
10 0 37665348 37674811 un
10 1 1 520082 un
10 1 520083 22037898 BB
10 1 22958397 37665347 AA
10 1 37665348 37674811 un
10 2 1 520082 un
10 2 520083 6723514 AA
10 2 7969376 13640772 un
10 2 14396423 17335120 AA
10 2 18613070 18613070 un
10 2 20460336 37665347 AA
10 2 37665348 37674811 un
11 0 1 182112 un
11 0 182113 27913438 BB
11 0 27913439 27954350 un
11 1 1 182112 un
11 1 182113 27913438 AA
11 1 27913439 27954350 un
11 2 1 182112 un
11 2 182113 27913438 AA
11 2 27913439 27954350 un
