01 0 1 914859 #1440cd
01 0 935898 945410 #b4b4b4
01 0 945522 3779551 #1440cd
01 0 3779576 3779585 #b4b4b4
01 0 3779615 3779690 #1440cd
01 0 3779927 3784547 #b4b4b4
01 0 3784561 3784575 #1440cd
01 0 3784663 4092903 #b4b4b4
01 0 4092923 4092926 #1440cd
01 0 4138965 4141852 #b4b4b4
01 0 4141872 4152420 #1440cd
01 0 4152447 4313355 #b4b4b4
01 0 4313360 6038568 #1440cd
01 0 6038581 6052772 #b4b4b4
01 0 6052831 6053054 #1440cd
01 0 6053189 6053189 #b4b4b4
01 0 6053368 6310361 #1440cd
01 0 6310459 6388849 #b4b4b4
01 0 6388884 6388950 #1440cd
01 0 6389016 6468294 #b4b4b4
01 0 6468299 6468299 #1440cd
01 0 6468352 6468964 #b4b4b4
01 0 6468967 6568167 #1440cd
01 0 6568195 6585671 #b4b4b4
01 0 6585688 6927927 #1440cd
01 0 6927943 6991551 #b4b4b4
01 0 6995278 6995308 #1440cd
01 0 6995330 7022371 #b4b4b4
01 0 7022434 7022434 #1440cd
01 0 7022527 7022527 #b4b4b4
01 0 7022542 7541386 #1440cd
01 0 7541395 7558124 #b4b4b4
01 0 7558130 7574460 #1440cd
01 0 7574678 7574751 #b4b4b4
01 0 7574783 7630299 #1440cd
01 0 7630438 8030393 #b4b4b4
01 0 8030417 8961178 #1440cd
01 0 8961250 8962865 #b4b4b4
01 0 8962907 8970574 #1440cd
01 0 8970582 8970582 #b4b4b4
01 0 8970589 8975377 #1440cd
01 0 8975434 9031803 #b4b4b4
01 0 9032020 12655906 #1440cd
01 0 12656090 12661720 #b4b4b4
01 0 12661750 12662189 #1440cd
01 0 12662251 12668032 #b4b4b4
01 0 12668090 12854925 #1440cd
01 0 12854973 12856024 #b4b4b4
01 0 12856072 12858594 #1440cd
01 0 12858631 12911952 #b4b4b4
01 0 12911983 12981131 #1440cd
01 0 12985476 12986561 #b4b4b4
01 0 12986609 12986609 #1440cd
01 0 12986750 13166670 #b4b4b4
01 0 13166710 13216919 #1440cd
01 0 13217273 13252851 #b4b4b4
01 0 13256189 13458762 #1440cd
01 0 13458771 13458783 #b4b4b4
01 0 13458866 23284042 #1440cd
01 0 23284101 23288529 #b4b4b4
01 0 23289636 25292425 #1440cd
01 0 25292437 29070452 #b4b4b4
01 1 1 331590 #c00000
01 1 331603 331613 #1440cd
01 1 331623 384537 #b4b4b4
01 1 384555 459137 #c00000
01 1 459218 459634 #b4b4b4
01 1 459677 2076780 #c00000
01 1 2076799 2483967 #b4b4b4
01 1 2536273 29070452 #00b009
02 0 1 29511734 #00b009
02 1 1 18968843 #1440cd
02 1 18968970 18968970 #b4b4b4
02 1 18975019 18975019 #1440cd
02 1 18975692 20455657 #b4b4b4
02 1 20456493 20457117 #1440cd
02 1 20458033 20458203 #b4b4b4
02 1 20458222 21189148 #1440cd
02 1 21215782 21216344 #b4b4b4
02 1 21216579 21491376 #1440cd
02 1 21491556 27178277 #00b009
02 1 27178283 27228687 #1440cd
02 1 27228697 27288254 #00b009
02 1 27288257 28779734 #1440cd
02 1 28779781 28779956 #00b009
02 1 28780127 28781304 #1440cd
02 1 28781344 28781495 #00b009
02 1 28781516 28874847 #1440cd
02 1 28874851 29511734 #00b009
03 0 1 3565921 #c00000
03 0 3565963 3566899 #b4b4b4
03 0 3567289 24464061 #c00000
03 0 24464072 24536659 #b4b4b4
03 0 24537872 24537890 #c00000
03 0 24537914 24616039 #b4b4b4
03 0 24616058 25080388 #c00000
03 0 25080406 27223341 #b4b4b4
03 0 27223598 27259458 #1440cd
03 0 27259578 27509060 #b4b4b4
03 0 27509081 27571952 #c00000
03 0 27573777 27583085 #b4b4b4
03 0 27583091 27583367 #c00000
03 0 27595117 27604314 #b4b4b4
03 0 27604350 35020413 #c00000
03 1 1 25077000 #00b009
03 1 25077021 29270201 #b4b4b4
03 1 29270234 30241006 #1440cd
03 1 30241052 31083017 #b4b4b4
03 1 31083190 31107772 #1440cd
03 1 31107786 31242099 #b4b4b4
03 1 31242177 31242207 #1440cd
03 1 31242408 31242408 #b4b4b4
03 1 31242465 31262692 #1440cd
03 1 31262711 31286424 #b4b4b4
03 1 31286436 31297425 #1440cd
03 1 31297571 31301255 #b4b4b4
03 1 31301285 31701203 #1440cd
03 1 31701222 33806172 #b4b4b4
03 1 33806177 33884769 #1440cd
03 1 33885286 33885607 #b4b4b4
03 1 33885619 33899156 #1440cd
03 1 33902082 33902085 #b4b4b4
03 1 33902112 34042502 #1440cd
03 1 34047410 35020413 #b4b4b4
04 0 1 3715441 #00b009
04 0 3715763 4470835 #b4b4b4
04 0 4471243 4492297 #1440cd
04 0 4492391 5713437 #b4b4b4
04 0 5713458 5713458 #9a029a
04 0 5713464 5849587 #b4b4b4
04 0 5849652 6078860 #9a029a
04 0 6078892 6100149 #b4b4b4
04 0 6100170 6101169 #9a029a
04 0 6101246 6102620 #b4b4b4
04 0 6102626 6157093 #9a029a
04 0 6158222 6158541 #b4b4b4
04 0 6158917 6159178 #9a029a
04 0 6159211 6159340 #b4b4b4
04 0 6159348 6168024 #9a029a
04 0 6185969 6185969 #b4b4b4
04 0 6186009 6189108 #9a029a
04 0 6212047 6212935 #b4b4b4
04 0 6212950 6213115 #9a029a
04 0 6213121 6213139 #b4b4b4
04 0 6213155 6249583 #9a029a
04 0 6250742 6264290 #b4b4b4
04 0 6266338 6268014 #9a029a
04 0 6268035 10212047 #b4b4b4
04 0 10212083 10212288 #c00000
04 0 10212291 10219750 #b4b4b4
04 0 10219789 10222900 #c00000
04 0 10222917 10262930 #b4b4b4
04 0 10265020 11108970 #c00000
04 0 11109015 11111958 #b4b4b4
04 0 11111990 11329164 #c00000
04 0 11329309 11498483 #b4b4b4
04 0 11498533 11732779 #c00000
04 0 11735267 11937909 #b4b4b4
04 0 11940855 11945024 #c00000
04 0 12011758 12011758 #b4b4b4
04 0 12011762 14683194 #c00000
04 0 14683274 14698779 #b4b4b4
04 0 14700181 14703814 #c00000
04 0 14794729 14920253 #b4b4b4
04 0 14920283 14934890 #c00000
04 0 14935123 15049691 #b4b4b4
04 0 15050268 16038751 #c00000
04 0 16039563 16039668 #b4b4b4
04 0 16041849 17230647 #c00000
04 0 17230659 17429484 #b4b4b4
04 0 17429572 24908830 #c00000
04 0 24908860 24934309 #b4b4b4
04 0 24936297 24936324 #c00000
04 0 24936339 24936516 #b4b4b4
04 0 24939267 25274075 #c00000
04 0 25275284 25276959 #b4b4b4
04 0 25276989 25280716 #c00000
04 0 25280846 25945885 #b4b4b4
04 0 25945890 27568660 #00b009
04 0 27568765 27639515 #b4b4b4
04 0 27641430 27700107 #1440cd
04 0 27700110 28108299 #b4b4b4
04 0 28108311 33524810 #c00000
04 0 33526331 33527403 #b4b4b4
04 0 33527431 33527468 #c00000
04 0 33527473 34993523 #b4b4b4
04 0 34993562 35114655 #00b009
04 0 35114695 35129922 #b4b4b4
04 0 35130454 35130454 #00b009
04 0 35130474 35229701 #b4b4b4
04 0 35229731 35299378 #00b009
04 0 35318957 35323941 #b4b4b4
04 0 35324148 35410500 #00b009
04 0 35410504 35411507 #b4b4b4
04 0 35426397 35430190 #00b009
04 0 35431325 37105743 #b4b4b4
04 1 1 917237 #b4b4b4
04 1 923108 935220 #1440cd
04 1 935239 1199509 #b4b4b4
04 1 1199521 1201700 #1440cd
04 1 1201994 1214550 #b4b4b4
04 1 1214564 1219572 #1440cd
04 1 1219593 1219593 #b4b4b4
04 1 1219602 1239420 #1440cd
04 1 1239527 1395807 #b4b4b4
04 1 1395879 1403263 #1440cd
04 1 1403372 1660445 #b4b4b4
04 1 1660454 1669464 #1440cd
04 1 1669736 1669743 #b4b4b4
04 1 1669756 1669808 #1440cd
04 1 1669820 1669913 #b4b4b4
04 1 1669923 1789240 #1440cd
04 1 1791939 1896115 #b4b4b4
04 1 1896226 1896795 #00b009
04 1 1896875 1896875 #b4b4b4
04 1 1896917 1897307 #00b009
04 1 1897312 1922617 #1440cd
04 1 1922742 2104434 #b4b4b4
04 1 2104452 2164287 #1440cd
04 1 2172551 2172654 #b4b4b4
04 1 2172658 2172675 #1440cd
04 1 2172864 2370759 #b4b4b4
04 1 2370774 2370786 #1440cd
04 1 2370798 2370980 #b4b4b4
04 1 2370987 2371952 #1440cd
04 1 2372073 2372073 #b4b4b4
04 1 2372398 2372398 #1440cd
04 1 2474783 2475724 #b4b4b4
04 1 2475731 3538144 #1440cd
04 1 3539756 3540362 #b4b4b4
04 1 3540369 3541871 #1440cd
04 1 3541877 3541964 #b4b4b4
04 1 3541970 3541970 #1440cd
04 1 3541988 3554194 #b4b4b4
04 1 3554209 3597219 #1440cd
04 1 3597991 3749176 #b4b4b4
04 1 3749229 3749278 #9a029a
04 1 3758008 3787052 #b4b4b4
04 1 3787105 3790173 #9a029a
04 1 3790340 3834867 #b4b4b4
04 1 3835992 3839020 #9a029a
04 1 3839096 3869651 #b4b4b4
04 1 3869663 3893647 #9a029a
04 1 3893665 3893751 #b4b4b4
04 1 3893772 3927760 #9a029a
04 1 3927829 3927911 #b4b4b4
04 1 3927967 3932503 #9a029a
04 1 3932509 3990018 #b4b4b4
04 1 3990194 3991145 #9a029a
04 1 3992231 3994749 #b4b4b4
04 1 3994758 4003241 #9a029a
04 1 4003443 4005922 #b4b4b4
04 1 4005940 4130795 #9a029a
04 1 4130812 4255691 #b4b4b4
04 1 4256268 4261892 #9a029a
04 1 4261903 4302309 #b4b4b4
04 1 4302315 4302332 #1440cd
04 1 4336136 4418714 #b4b4b4
04 1 4418720 4419995 #1440cd
04 1 4420013 4421727 #b4b4b4
04 1 4424238 4424511 #1440cd
04 1 4424576 4426798 #b4b4b4
04 1 4426944 4519013 #9a029a
04 1 4519043 4522910 #b4b4b4
04 1 4522925 4650268 #1440cd
04 1 4650398 5151400 #b4b4b4
04 1 5152735 5153019 #1440cd
04 1 5153073 5168762 #b4b4b4
04 1 5168769 5169882 #1440cd
04 1 5169909 5264376 #b4b4b4
04 1 5264393 6157010 #1440cd
04 1 6157093 6158222 #b4b4b4
04 1 6158418 6158418 #1440cd
04 1 6158541 6160935 #b4b4b4
04 1 6161055 6235673 #1440cd
04 1 6235938 6609421 #b4b4b4
04 1 6609708 6610876 #1440cd
04 1 6613338 6614077 #b4b4b4
04 1 6614122 7146530 #1440cd
04 1 7146731 7148217 #b4b4b4
04 1 7148303 7148346 #1440cd
04 1 7148352 8327234 #b4b4b4
04 1 8327237 8379120 #1440cd
04 1 8379124 8487418 #b4b4b4
04 1 8487428 8487433 #1440cd
04 1 8487463 8487463 #b4b4b4
04 1 8487467 8505891 #1440cd
04 1 8506443 8506548 #b4b4b4
04 1 8506593 9860067 #1440cd
04 1 9860082 10292801 #b4b4b4
04 1 10292804 10292909 #1440cd
04 1 10292929 10293001 #b4b4b4
04 1 10293044 10293957 #1440cd
04 1 10293965 10417407 #b4b4b4
04 1 10417443 10417689 #1440cd
04 1 10417693 10852278 #b4b4b4
04 1 10852323 10852323 #1440cd
04 1 10852421 10908293 #b4b4b4
04 1 10908302 11732556 #1440cd
04 1 11732755 11732755 #b4b4b4
04 1 11732779 24997395 #1440cd
04 1 24997429 25274066 #b4b4b4
04 1 25274075 25275284 #1440cd
04 1 25275533 25275533 #b4b4b4
04 1 25275620 25275633 #1440cd
04 1 25275663 25281049 #b4b4b4
04 1 25281275 25294141 #1440cd
04 1 25294191 25294191 #b4b4b4
04 1 25294249 27826100 #1440cd
04 1 27826105 27892130 #b4b4b4
04 1 27902982 27902982 #1440cd
04 1 27903178 27905839 #b4b4b4
04 1 27905881 27905932 #1440cd
04 1 27905992 27960423 #b4b4b4
04 1 27960486 27963110 #1440cd
04 1 27963228 27984144 #b4b4b4
04 1 27984156 29233979 #1440cd
04 1 29233997 29578952 #b4b4b4
04 1 29579424 32217489 #00b009
04 1 32218169 33048647 #b4b4b4
04 1 33048686 35647235 #00b009
04 1 35647636 35956605 #b4b4b4
04 1 35956869 36198736 #00b009
04 1 36198898 36225193 #b4b4b4
04 1 36225208 37105743 #00b009
05 0 1 9452110 #00b009
05 0 9452291 9461790 #b4b4b4
05 0 9461839 9520734 #00b009
05 0 9520745 9713044 #b4b4b4
05 0 9826071 9866387 #00b009
05 0 9866480 9900476 #b4b4b4
05 0 9900511 9900759 #00b009
05 0 9900768 10005597 #b4b4b4
05 0 10005612 10097351 #00b009
05 0 10097371 10272720 #b4b4b4
05 0 10275803 33513495 #00b009
05 0 33513519 35885700 #b4b4b4
05 0 35885715 38530143 #1440cd
05 0 38531370 39026377 #b4b4b4
05 0 39026386 41853232 #00b009
05 1 1 597377 #b4b4b4
05 1 597436 601292 #c00000
05 1 601516 638769 #b4b4b4
05 1 639813 646111 #c00000
05 1 646202 646399 #b4b4b4
05 1 646432 646875 #c00000
05 1 646912 647185 #b4b4b4
05 1 647232 2540340 #c00000
05 1 2540394 2574250 #b4b4b4
05 1 2574274 8152705 #00b009
05 1 8152875 8152966 #b4b4b4
05 1 8152980 8153469 #00b009
05 1 8153484 8154197 #b4b4b4
05 1 8154323 8244270 #00b009
05 1 8244281 8255135 #b4b4b4
05 1 8255161 8595129 #00b009
05 1 8595184 10155499 #b4b4b4
05 1 10155509 35242655 #c00000
05 1 35242924 35421125 #b4b4b4
05 1 35434304 35486080 #c00000
05 1 35533497 36340306 #b4b4b4
05 1 36340309 37875528 #c00000
05 1 37875610 37876253 #b4b4b4
05 1 37876362 37880582 #c00000
05 1 37880616 37882032 #b4b4b4
05 1 37882066 37898335 #c00000
05 1 37898365 38530138 #b4b4b4
05 1 38530143 39026386 #00b009
05 1 39026453 39026630 #b4b4b4
05 1 39026728 39051647 #00b009
05 1 39053594 39054048 #b4b4b4
05 1 39054055 39349671 #00b009
05 1 39374023 39426083 #b4b4b4
05 1 39433872 39433894 #00b009
05 1 39435177 40078040 #b4b4b4
05 1 40078047 40264616 #1440cd
05 1 40264632 40271575 #b4b4b4
05 1 40271890 40271890 #1440cd
05 1 40271962 40312823 #b4b4b4
05 1 40333494 40427091 #1440cd
05 1 40427172 40427172 #b4b4b4
05 1 40427308 40579839 #1440cd
05 1 40579884 40579928 #b4b4b4
05 1 40579946 40660656 #1440cd
05 1 40660664 40838177 #b4b4b4
05 1 40838325 41026981 #1440cd
05 1 41028172 41101730 #b4b4b4
05 1 41101754 41853232 #1440cd
06 0 1 1141348 #00b009
06 0 1141353 1946411 #b4b4b4
06 0 1946487 1954134 #1440cd
06 0 1954193 3591415 #b4b4b4
06 0 3591716 29497184 #00b009
06 0 29497239 29497280 #b4b4b4
06 0 29497285 29497285 #00b009
06 0 29497291 29499268 #b4b4b4
06 0 29499289 29499495 #00b009
06 0 29499504 29503714 #b4b4b4
06 0 29503740 29520788 #00b009
06 0 29520981 29579391 #b4b4b4
06 0 29579560 30163706 #c00000
06 0 30163719 30994369 #b4b4b4
06 0 31020380 31025556 #00b009
06 0 31025568 31028141 #b4b4b4
06 0 31028153 37593364 #00b009
06 1 1 891088 #b4b4b4
06 1 891091 911677 #c00000
06 1 911804 911804 #b4b4b4
06 1 911807 1178647 #c00000
06 1 1178695 1183793 #b4b4b4
06 1 1186394 1192162 #c00000
06 1 1192168 1466390 #b4b4b4
06 1 1466486 1466774 #c00000
06 1 1466909 1475151 #b4b4b4
06 1 1475211 1475211 #c00000
06 1 1475378 1475592 #b4b4b4
06 1 1475646 1475959 #c00000
06 1 1476483 1497673 #b4b4b4
06 1 1498243 1881017 #c00000
06 1 1881126 1891815 #b4b4b4
06 1 1891828 2039468 #c00000
06 1 2039497 2044859 #b4b4b4
06 1 2045072 2537353 #c00000
06 1 2537485 6209148 #b4b4b4
06 1 6209290 6209290 #1440cd
06 1 6209299 6211235 #b4b4b4
06 1 6211402 6391456 #1440cd
06 1 6391484 6730914 #b4b4b4
06 1 6730926 6769731 #1440cd
06 1 6769740 6770148 #00b009
06 1 6770157 7314394 #1440cd
06 1 7314436 7314436 #b4b4b4
06 1 7314496 7318093 #1440cd
06 1 7318153 8096734 #b4b4b4
06 1 8096744 8117699 #1440cd
06 1 8118562 8118616 #b4b4b4
06 1 8118625 8136840 #1440cd
06 1 8136911 8170298 #b4b4b4
06 1 8170340 8173342 #1440cd
06 1 8173379 8234216 #b4b4b4
06 1 8234220 8240231 #1440cd
06 1 8240282 8241442 #b4b4b4
06 1 8242161 8242357 #1440cd
06 1 8242361 8249287 #b4b4b4
06 1 8249304 8303386 #1440cd
06 1 8303390 8335240 #b4b4b4
06 1 8346537 8349615 #1440cd
06 1 8349647 8360905 #b4b4b4
06 1 8360965 9585012 #1440cd
06 1 9585070 9591807 #b4b4b4
06 1 9591991 9592828 #1440cd
06 1 9592882 9592882 #b4b4b4
06 1 9593260 9593476 #1440cd
06 1 9593485 9603465 #b4b4b4
06 1 9603478 9658641 #1440cd
06 1 9661559 11534624 #b4b4b4
06 1 11534637 11534637 #1440cd
06 1 11535175 11538902 #b4b4b4
06 1 11538907 11539985 #1440cd
06 1 11542049 11542247 #b4b4b4
06 1 11542259 12447479 #1440cd
06 1 12447537 12477719 #b4b4b4
06 1 12477725 12477896 #1440cd
06 1 12477914 12687719 #b4b4b4
06 1 12687833 12940852 #1440cd
06 1 12940912 13050067 #b4b4b4
06 1 13050167 13050167 #1440cd
06 1 13050226 13053436 #b4b4b4
06 1 13055995 13056001 #1440cd
06 1 13058089 13058089 #b4b4b4
06 1 13066301 13092602 #1440cd
06 1 13094242 13094247 #b4b4b4
06 1 13094284 13242380 #1440cd
06 1 13242404 15288416 #b4b4b4
06 1 15288477 15288477 #1440cd
06 1 15288678 15329094 #b4b4b4
06 1 15329300 15329655 #1440cd
06 1 15331479 15492833 #b4b4b4
06 1 15492877 15493202 #1440cd
06 1 15494004 15494004 #b4b4b4
06 1 15495805 15495805 #1440cd
06 1 15495816 15495825 #b4b4b4
06 1 15495831 29149247 #1440cd
06 1 29149303 29578373 #b4b4b4
06 1 29578396 29579376 #1440cd
06 1 29579391 29579391 #b4b4b4
06 1 29579560 29581417 #1440cd
06 1 29581423 29581423 #b4b4b4
06 1 29581431 29675444 #1440cd
06 1 29675449 30191236 #b4b4b4
06 1 30191247 30202663 #c00000
06 1 30203306 30204909 #b4b4b4
06 1 30204921 30205700 #c00000
06 1 30205789 30484406 #b4b4b4
06 1 30484484 30484484 #1440cd
06 1 30519129 30609865 #b4b4b4
06 1 30610085 30620700 #1440cd
06 1 30621199 30696847 #b4b4b4
06 1 30710992 30756642 #1440cd
06 1 30756651 30757998 #b4b4b4
06 1 30758080 30762954 #1440cd
06 1 30762957 30991400 #b4b4b4
06 1 30991428 32116253 #1440cd
06 1 32116463 32127681 #b4b4b4
06 1 32127702 32129994 #1440cd
06 1 32130003 32130003 #b4b4b4
06 1 32254791 32295625 #1440cd
06 1 32295851 32307151 #b4b4b4
06 1 32307154 32308501 #1440cd
06 1 32308558 32335396 #b4b4b4
06 1 32335406 32335630 #1440cd
06 1 32335724 32343115 #b4b4b4
06 1 32343268 32519107 #1440cd
06 1 32519134 32534773 #b4b4b4
06 1 32534785 32534914 #1440cd
06 1 32534959 32534959 #b4b4b4
06 1 32534963 32534963 #1440cd
06 1 32535036 32551095 #b4b4b4
06 1 32563483 35019928 #1440cd
06 1 35019960 35066537 #b4b4b4
06 1 35066683 35066689 #1440cd
06 1 35066735 36099872 #b4b4b4
06 1 36100438 36103563 #1440cd
06 1 36118941 36232603 #b4b4b4
06 1 36232616 36232882 #1440cd
06 1 36233026 37593364 #b4b4b4
07 0 1 660546 #1440cd
07 0 660569 660813 #b4b4b4
07 0 660819 661149 #1440cd
07 0 661254 664015 #b4b4b4
07 0 664430 717017 #1440cd
07 0 717041 717993 #b4b4b4
07 0 718001 718015 #1440cd
07 0 718024 743474 #b4b4b4
07 0 744689 745531 #1440cd
07 0 745555 982962 #b4b4b4
07 0 983028 983037 #1440cd
07 0 983082 983082 #b4b4b4
07 0 983130 983130 #1440cd
07 0 984392 1038222 #b4b4b4
07 0 1038664 1117850 #1440cd
07 0 1118120 1118120 #b4b4b4
07 0 1118126 1118126 #1440cd
07 0 1118288 1196058 #b4b4b4
07 0 1196061 1197945 #1440cd
07 0 1198867 1198892 #b4b4b4
07 0 1198947 1202652 #1440cd
07 0 1202709 1206969 #b4b4b4
07 0 1207168 1255177 #1440cd
07 0 1255212 1259860 #b4b4b4
07 0 1259866 1356898 #1440cd
07 0 1359608 1361734 #b4b4b4
07 0 1361798 1361813 #1440cd
07 0 1361819 1366157 #b4b4b4
07 0 1391908 1392027 #1440cd
07 0 1392282 1405648 #b4b4b4
07 0 1405672 2932228 #1440cd
07 0 2932237 3020390 #b4b4b4
07 0 3020430 3029559 #1440cd
07 0 3029568 3029586 #b4b4b4
07 0 3061892 3140795 #1440cd
07 0 3140821 3141047 #b4b4b4
07 0 3141061 3213932 #1440cd
07 0 3214827 3455564 #b4b4b4
07 0 3455572 4260330 #1440cd
07 0 4260728 4279797 #b4b4b4
07 0 4279812 4306329 #1440cd
07 0 4306600 4306600 #b4b4b4
07 0 4306905 4306905 #1440cd
07 0 4306908 4308726 #b4b4b4
07 0 4308753 4387163 #1440cd
07 0 4387226 5467174 #b4b4b4
07 0 5467198 5467813 #1440cd
07 0 5467846 5477160 #b4b4b4
07 0 5477616 5477616 #1440cd
07 0 5479142 5482295 #b4b4b4
07 0 5482346 9134795 #1440cd
07 0 9134807 10466835 #b4b4b4
07 0 10466899 10471593 #c00000
07 0 10473408 10502704 #b4b4b4
07 0 10502732 10740344 #c00000
07 0 10740353 11042100 #b4b4b4
07 0 11042136 11100117 #c00000
07 0 11100638 11152285 #b4b4b4
07 0 11152321 13302449 #c00000
07 0 13302639 14693925 #b4b4b4
07 0 14694039 15151691 #c00000
07 0 15151703 15549300 #b4b4b4
07 0 15551629 15551644 #c00000
07 0 15551695 15564593 #b4b4b4
07 0 15564723 15979849 #c00000
07 0 15980046 21736221 #b4b4b4
07 0 21736375 21736423 #c00000
07 0 21736726 27783486 #b4b4b4
07 0 27783498 27957671 #c00000
07 0 27957694 27958342 #b4b4b4
07 0 27958375 28068232 #c00000
07 0 28068538 28068583 #b4b4b4
07 0 28068622 28078920 #c00000
07 0 28078952 28079018 #b4b4b4
07 0 28079985 28080054 #c00000
07 0 28080101 29657774 #b4b4b4
07 0 29667979 30236905 #c00000
07 0 30274794 30279412 #b4b4b4
07 0 30279487 32462268 #00b009
07 0 32462275 32482378 #b4b4b4
07 0 32482421 32656022 #00b009
07 0 32656053 32656053 #b4b4b4
07 0 32656085 32664104 #00b009
07 0 32664134 32717380 #b4b4b4
07 0 32717535 32719268 #00b009
07 0 32719273 32722871 #b4b4b4
07 0 32723076 32724126 #00b009
07 0 32724262 32754236 #b4b4b4
07 0 32754438 32759598 #00b009
07 0 32759601 32765824 #b4b4b4
07 0 32767340 32767340 #00b009
07 0 32767352 33052538 #b4b4b4
07 0 33052994 33805446 #00b009
07 0 33805642 33809648 #b4b4b4
07 0 33809692 33828816 #00b009
07 0 33828906 35028021 #b4b4b4
07 1 1 1995598 #00b009
07 1 1995602 3010841 #c00000
07 1 3010858 3022998 #b4b4b4
07 1 3023023 3023023 #c00000
07 1 3023846 3140795 #b4b4b4
07 1 3140821 3213645 #c00000
07 1 3213729 3215147 #b4b4b4
07 1 3216288 3216505 #c00000
07 1 3216510 3335798 #b4b4b4
07 1 3335804 8405079 #c00000
07 1 8405088 8840239 #b4b4b4
07 1 8840244 9134505 #c00000
07 1 9134557 9385053 #b4b4b4
07 1 9385067 31982023 #c00000
07 1 31982027 31983876 #b4b4b4
07 1 31983921 33093799 #c00000
07 1 33093853 33093874 #b4b4b4
07 1 33093880 33135633 #c00000
07 1 33135639 33323407 #b4b4b4
07 1 33323423 33511462 #c00000
07 1 33511470 33559588 #b4b4b4
07 1 33559666 33559775 #c00000
07 1 33559791 33562221 #b4b4b4
07 1 33562233 33562263 #c00000
07 1 33562411 33590612 #b4b4b4
07 1 33590645 35028021 #c00000
08 0 1 7902930 #00b009
08 0 7903033 7922374 #b4b4b4
08 0 7923169 8046806 #1440cd
08 0 8046860 8095018 #b4b4b4
08 0 8095060 8174494 #1440cd
08 0 8174513 8174543 #b4b4b4
08 0 8174645 8183196 #1440cd
08 0 8183248 8228141 #b4b4b4
08 0 8228152 8228152 #1440cd
08 0 8228328 8228328 #b4b4b4
08 0 8229495 8229524 #1440cd
08 0 8234938 8235160 #b4b4b4
08 0 8235166 8375845 #1440cd
08 0 8377585 10838891 #c00000
08 0 10838905 10840302 #b4b4b4
08 0 10840464 10842389 #c00000
08 0 10843575 11128328 #b4b4b4
08 0 11129129 11207882 #c00000
08 0 11207902 11230071 #b4b4b4
08 0 11230090 33167836 #c00000
08 0 33167850 33924312 #1440cd
08 0 33925428 44889171 #00b009
08 1 1 1769461 #b4b4b4
08 1 1769465 1790948 #1440cd
08 1 1792792 1962334 #b4b4b4
08 1 1962555 2090848 #00b009
08 1 2090864 2178333 #b4b4b4
08 1 2178807 2252945 #1440cd
08 1 2253547 2253547 #b4b4b4
08 1 2253561 2253588 #1440cd
08 1 2253612 2253612 #b4b4b4
08 1 2253702 2253798 #1440cd
08 1 2253831 2253854 #b4b4b4
08 1 2253867 2266028 #1440cd
08 1 2266052 2359323 #b4b4b4
08 1 2368833 36083708 #1440cd
08 1 36097085 36097207 #b4b4b4
08 1 36097214 39962697 #1440cd
08 1 39963019 40025566 #b4b4b4
08 1 40026099 40026099 #1440cd
08 1 40026294 40054692 #b4b4b4
08 1 40054724 40094610 #1440cd
08 1 40094653 40094809 #b4b4b4
08 1 40094821 40095081 #1440cd
08 1 40095087 40105274 #b4b4b4
08 1 40105425 40376892 #1440cd
08 1 40392609 40401533 #b4b4b4
08 1 40401575 40414920 #1440cd
08 1 40414936 40505346 #b4b4b4
08 1 40505358 40532057 #1440cd
08 1 40532063 40532282 #b4b4b4
08 1 40532332 40774154 #1440cd
08 1 40774214 40788545 #b4b4b4
08 1 40788829 40942006 #1440cd
08 1 40942306 40961618 #b4b4b4
08 1 40962012 44889171 #1440cd
09 0 1 6157963 #00b009
09 0 6157966 6157966 #b4b4b4
09 0 6159925 6162603 #00b009
09 0 6162636 8127908 #c00000
09 0 8140696 8142585 #b4b4b4
09 0 8143076 8148520 #c00000
09 0 8148685 8148916 #b4b4b4
09 0 8148959 38452605 #c00000
09 0 38452642 38537656 #b4b4b4
09 0 38537690 38611774 #c00000
09 0 38611867 38748464 #b4b4b4
09 0 38748600 41306725 #00b009
09 1 1 940022 #1440cd
09 1 940035 974309 #c00000
09 1 974337 1354114 #1440cd
09 1 1354122 2019426 #b4b4b4
09 1 2019461 2342730 #1440cd
09 1 2342751 2346104 #b4b4b4
09 1 2346131 2360157 #1440cd
09 1 2360160 2360754 #00b009
09 1 2360795 2360903 #b4b4b4
09 1 2361220 2361268 #00b009
09 1 2361286 2361286 #1440cd
09 1 2361298 2403248 #00b009
09 1 2419094 2419253 #1440cd
09 1 2419283 2420430 #00b009
09 1 2420506 2499896 #1440cd
09 1 2499914 2501706 #00b009
09 1 2501760 2501760 #1440cd
09 1 2501862 2501985 #00b009
09 1 2502009 2521336 #1440cd
09 1 2521342 3104268 #00b009
09 1 3104285 3131451 #1440cd
09 1 3131466 3139982 #00b009
09 1 3140005 8643611 #1440cd
09 1 8643627 8698321 #b4b4b4
09 1 8698379 11880992 #00b009
09 1 11881002 35605777 #b4b4b4
09 1 35605966 35606799 #00b009
09 1 35606817 35678589 #b4b4b4
09 1 35678680 37674289 #00b009
09 1 37674388 37887650 #b4b4b4
09 1 37896044 37896554 #c00000
09 1 37896574 37985913 #b4b4b4
09 1 37986256 37990656 #9a029a
09 1 38008205 38010409 #b4b4b4
09 1 38011774 38011804 #9a029a
09 1 38012093 38012098 #b4b4b4
09 1 38012173 38787571 #9a029a
09 1 38787625 38973849 #b4b4b4
09 1 38974420 38974587 #1440cd
09 1 38974637 38974752 #b4b4b4
09 1 38974770 39009296 #1440cd
09 1 39009331 39009335 #b4b4b4
09 1 39009439 39019066 #1440cd
09 1 39024812 39029326 #b4b4b4
09 1 39029334 39046846 #1440cd
09 1 39046935 39279467 #b4b4b4
09 1 39279590 39659942 #00b009
09 1 39660124 40579620 #b4b4b4
09 1 40579677 40579677 #1440cd
09 1 40579692 40580154 #b4b4b4
09 1 40580241 40580409 #1440cd
09 1 40580451 40757380 #b4b4b4
09 1 40757395 41306725 #1440cd
10 0 1 5516449 #00b009
10 0 5516695 5517101 #b4b4b4
10 0 5517115 5535051 #00b009
10 0 5535060 5693638 #b4b4b4
10 0 5693686 5693698 #00b009
10 0 5693755 7937128 #b4b4b4
10 0 7937173 7939817 #c00000
10 0 7940502 8917574 #b4b4b4
10 0 8917586 9734706 #c00000
10 0 9734754 9735153 #b4b4b4
10 0 9735180 10152439 #c00000
10 0 10152508 12565252 #b4b4b4
10 0 12565276 12565854 #c00000
10 0 12565865 12566584 #b4b4b4
10 0 12566639 12566725 #1440cd
10 0 12566728 13147913 #b4b4b4
10 0 13148625 13404772 #1440cd
10 0 13404958 15462589 #c00000
10 0 15463060 15481809 #1440cd
10 0 15482144 22018468 #c00000
10 0 22018608 22018608 #b4b4b4
10 0 22018615 22018790 #c00000
10 0 22018859 22076066 #b4b4b4
10 0 22076076 22077883 #c00000
10 0 22077912 22077912 #b4b4b4
10 0 22078293 22078293 #c00000
10 0 22078478 22767632 #b4b4b4
10 0 22769890 37674811 #00b009
10 1 1 5007383 #b4b4b4
10 1 5007413 24260234 #1440cd
10 1 24260267 24366305 #b4b4b4
10 1 24366315 25105228 #c00000
10 1 25106477 27285829 #00b009
10 1 27285901 27285901 #c00000
10 1 27285990 27290786 #00b009
10 1 27295758 27295758 #b4b4b4
10 1 27304444 27304735 #c00000
10 1 27304889 27306215 #b4b4b4
10 1 27306225 29173578 #c00000
10 1 29199457 29203962 #b4b4b4
10 1 29203977 29203992 #c00000
10 1 29205092 29205092 #b4b4b4
10 1 29205095 29216927 #c00000
10 1 29217044 29389931 #b4b4b4
10 1 29390031 29390031 #c00000
10 1 29390144 29398447 #b4b4b4
10 1 29398576 29514033 #c00000
10 1 29514864 29538324 #b4b4b4
10 1 29538393 29562851 #c00000
10 1 29562866 29584028 #b4b4b4
10 1 29584036 29914857 #c00000
10 1 29914860 30593326 #b4b4b4
10 1 30593386 30593389 #c00000
10 1 30593413 30597011 #b4b4b4
10 1 30597084 30613424 #c00000
10 1 30613442 30634118 #b4b4b4
10 1 30634173 30639045 #c00000
10 1 30639144 30639555 #b4b4b4
10 1 30641371 30646271 #c00000
10 1 30648371 30648593 #b4b4b4
10 1 30648629 30670121 #c00000
10 1 30670174 30936717 #b4b4b4
10 1 30938291 30999714 #c00000
10 1 30999794 31027313 #b4b4b4
10 1 31027405 31027903 #c00000
10 1 31028308 31185681 #b4b4b4
10 1 31185732 31185993 #c00000
10 1 31186035 31186128 #b4b4b4
10 1 31186188 31243180 #c00000
10 1 31246263 31334225 #b4b4b4
10 1 31334231 31487347 #c00000
10 1 31487367 31557593 #b4b4b4
10 1 31557713 31557713 #c00000
10 1 31557745 31557745 #b4b4b4
10 1 31557802 31558912 #c00000
10 1 31559047 31925291 #b4b4b4
10 1 31925375 31926517 #c00000
10 1 31926580 34693617 #b4b4b4
10 1 34693638 34693657 #00b009
10 1 34693987 34846329 #b4b4b4
10 1 34846503 36199163 #00b009
10 1 36199420 36717106 #b4b4b4
10 1 36717127 37674811 #1440cd
11 0 1 25908750 #00b009
11 0 25908929 26640482 #b4b4b4
11 0 26640494 27149773 #c00000
11 0 27149778 27149778 #b4b4b4
11 0 27150004 27150484 #c00000
11 0 27150542 27157397 #b4b4b4
11 0 27162662 27162662 #c00000
11 0 27162686 27163245 #b4b4b4
11 0 27163390 27164591 #c00000
11 0 27164600 27954350 #b4b4b4
11 1 1 549291 #1440cd
11 1 549467 763912 #b4b4b4
11 1 763953 764000 #1440cd
11 1 764008 764147 #b4b4b4
11 1 764227 1338386 #1440cd
11 1 1338443 1526090 #b4b4b4
11 1 1526102 1577189 #1440cd
11 1 1579825 3199392 #b4b4b4
11 1 3199416 5238084 #1440cd
11 1 5299670 9956173 #b4b4b4
11 1 9956202 10109535 #1440cd
11 1 10114057 11181745 #b4b4b4
11 1 11181868 11377440 #1440cd
11 1 11377470 11387372 #b4b4b4
11 1 11413248 12124373 #1440cd
11 1 12124397 12547737 #b4b4b4
11 1 12547781 12620493 #1440cd
11 1 12620549 12662773 #b4b4b4
11 1 12663390 12878183 #1440cd
11 1 12878193 16109725 #b4b4b4
11 1 16109734 16277604 #1440cd
11 1 16277612 16867099 #b4b4b4
11 1 16896143 16896327 #1440cd
11 1 16896353 17621417 #b4b4b4
11 1 17621421 17763520 #1440cd
11 1 17763535 18139300 #b4b4b4
11 1 18139610 18231728 #1440cd
11 1 18231761 18790579 #b4b4b4
11 1 18790638 18968457 #1440cd
11 1 18968518 18991818 #b4b4b4
11 1 18991979 19367022 #1440cd
11 1 19367094 22530524 #b4b4b4
11 1 22530573 23377373 #00b009
11 1 23377377 23595695 #b4b4b4
11 1 23595699 24387056 #c00000
11 1 24387066 24399025 #b4b4b4
11 1 24399151 24399151 #c00000
11 1 24399162 24762401 #b4b4b4
11 1 24765126 25332587 #00b009
11 1 25332590 25581556 #b4b4b4
11 1 25581680 25592306 #c00000
11 1 25592317 25599687 #b4b4b4
11 1 25599697 27954350 #c00000
