01 0 1 914859 #1440cd
01 0 935898 945410 #b4b4b4
01 0 945522 3784675 #1440cd
01 0 3784684 4058906 #b4b4b4
01 0 4058917 4163535 #1440cd
01 0 4163731 4277043 #b4b4b4
01 0 4277082 4277082 #1440cd
01 0 4277091 4277112 #b4b4b4
01 0 4277124 4277429 #1440cd
01 0 4277468 4299015 #b4b4b4
01 0 4299021 6310361 #1440cd
01 0 6310459 6362096 #b4b4b4
01 0 6364087 6392802 #1440cd
01 0 6392930 6454394 #b4b4b4
01 0 6454970 6462076 #1440cd
01 0 6462089 6468294 #b4b4b4
01 0 6468299 6468299 #1440cd
01 0 6468352 6468964 #b4b4b4
01 0 6468967 6568167 #1440cd
01 0 6568195 6585671 #b4b4b4
01 0 6585688 6927927 #1440cd
01 0 6927943 6991314 #b4b4b4
01 0 6991319 7631661 #1440cd
01 0 7631736 7631736 #b4b4b4
01 0 7633483 7660272 #1440cd
01 0 7660281 7675688 #b4b4b4
01 0 7675727 7676180 #1440cd
01 0 7676225 7683323 #b4b4b4
01 0 7687978 7705232 #1440cd
01 0 7705272 7766664 #b4b4b4
01 0 7766677 7766677 #1440cd
01 0 7766726 7871779 #b4b4b4
01 0 7871785 7897844 #1440cd
01 0 7897870 7953082 #b4b4b4
01 0 7954039 7964064 #1440cd
01 0 7964091 7974669 #b4b4b4
01 0 7974717 7974750 #1440cd
01 0 7975202 8015215 #b4b4b4
01 0 8015557 8927135 #1440cd
01 0 8927168 8927269 #00b009
01 0 8927382 8927382 #1440cd
01 0 8927413 8934830 #00b009
01 0 8935079 8960886 #1440cd
01 0 8960901 9273720 #00b009
01 0 9273758 25292425 #1440cd
01 0 25292437 25292437 #b4b4b4
01 0 25295883 25295970 #1440cd
01 0 25295975 25296111 #b4b4b4
01 0 25296142 25296388 #1440cd
01 0 25301586 29070452 #b4b4b4
01 1 1 412883 #9a029a
01 1 413902 989218 #b4b4b4
01 1 989364 990190 #9a029a
01 1 990205 990712 #b4b4b4
01 1 990733 997190 #9a029a
01 1 1022832 1022836 #b4b4b4
01 1 1022847 1032465 #9a029a
01 1 1032594 1032599 #b4b4b4
01 1 1032740 2352721 #9a029a
01 1 2352893 2368426 #b4b4b4
01 1 2368444 2398980 #9a029a
01 1 2399098 2399155 #b4b4b4
01 1 2399443 2432982 #9a029a
01 1 2433002 2433018 #b4b4b4
01 1 2436563 2539406 #9a029a
01 1 2539421 2546607 #b4b4b4
01 1 2546615 2550459 #9a029a
01 1 2550465 2577507 #b4b4b4
01 1 2577524 2789821 #9a029a
01 1 2789835 2790051 #b4b4b4
01 1 2791136 2795009 #9a029a
01 1 2795090 2802629 #b4b4b4
01 1 2802653 2860795 #9a029a
01 1 2860943 2863292 #b4b4b4
01 1 2863441 2863441 #9a029a
01 1 2863451 2863559 #b4b4b4
01 1 2863625 2863625 #9a029a
01 1 2871367 2871379 #b4b4b4
01 1 2871419 2894385 #9a029a
01 1 2895919 2908096 #b4b4b4
01 1 2908105 2908133 #9a029a
01 1 2908214 2911672 #b4b4b4
01 1 2912004 2912683 #9a029a
01 1 2913704 3147358 #b4b4b4
01 1 3147363 3177949 #9a029a
01 1 3177973 3197595 #b4b4b4
01 1 3197653 5185658 #9a029a
01 1 5185703 5919518 #b4b4b4
01 1 5919589 5993795 #9a029a
01 1 5993889 6005473 #b4b4b4
01 1 6005483 6050406 #9a029a
01 1 6050430 6053054 #b4b4b4
01 1 6053189 6053189 #9a029a
01 1 6053368 6057808 #b4b4b4
01 1 6057848 6109736 #9a029a
01 1 6109748 6109887 #00b009
01 1 6109899 6110156 #9a029a
01 1 6110183 6110454 #00b009
01 1 6110465 6110487 #b4b4b4
01 1 6111008 6135020 #9a029a
01 1 6135033 6180991 #00b009
01 1 6193911 6195251 #b4b4b4
01 1 6195410 6195410 #00b009
01 1 6202224 6202224 #b4b4b4
01 1 6202239 6202439 #00b009
01 1 6202457 6202559 #b4b4b4
01 1 6202603 6208606 #00b009
01 1 6208636 6209468 #b4b4b4
01 1 6209475 6281652 #00b009
01 1 6281827 6281827 #b4b4b4
01 1 6282001 6282001 #00b009
01 1 6282079 6282198 #b4b4b4
01 1 6282236 6388609 #00b009
01 1 6388770 7274102 #b4b4b4
01 1 7274204 10595509 #9a029a
01 1 10595654 11378110 #b4b4b4
01 1 11378200 11527720 #1440cd
01 1 11527809 11527809 #9a029a
01 1 11528018 11528081 #1440cd
01 1 11528101 14261514 #9a029a
01 1 14261520 14443481 #b4b4b4
01 1 14443492 14443492 #9a029a
01 1 14444201 14444201 #b4b4b4
01 1 14444318 14484487 #9a029a
01 1 14484546 14484546 #b4b4b4
01 1 14484580 14491030 #9a029a
01 1 14491069 14531216 #b4b4b4
01 1 14531222 14531222 #9a029a
01 1 14531266 14676177 #b4b4b4
01 1 14676222 14772267 #9a029a
01 1 14772274 14777451 #b4b4b4
01 1 14777605 15128896 #9a029a
01 1 15129093 15190585 #b4b4b4
01 1 15271361 15271632 #9a029a
01 1 15271751 15271859 #b4b4b4
01 1 15272029 15309000 #9a029a
01 1 15309009 15309442 #b4b4b4
01 1 15309518 15309540 #9a029a
01 1 15309558 17334864 #b4b4b4
01 1 17410936 17699261 #00b009
01 1 17699318 18836972 #b4b4b4
01 1 18837837 18838254 #00b009
01 1 18838419 21017942 #b4b4b4
01 1 21018022 21082015 #00b009
01 1 21083023 21083023 #b4b4b4
01 1 21208044 21209416 #00b009
01 1 21209613 29070452 #b4b4b4
01 2 1 342616 #c00000
01 2 342742 377828 #b4b4b4
01 2 378004 2141618 #c00000
01 2 2141627 2391505 #b4b4b4
01 2 2391683 29070452 #00b009
02 0 1 29511734 #00b009
02 1 1 19094716 #1440cd
02 1 19094751 19094851 #b4b4b4
02 1 19094888 19094888 #1440cd
02 1 19094908 19094908 #b4b4b4
02 1 19095062 19095062 #1440cd
02 1 19095080 19668227 #b4b4b4
02 1 19668242 19668308 #9a029a
02 1 19668556 19687011 #b4b4b4
02 1 19687123 19687123 #00b009
02 1 19687827 19687900 #b4b4b4
02 1 19687905 19687905 #00b009
02 1 19689477 19689477 #b4b4b4
02 1 19689503 19698796 #00b009
02 1 19698826 19876895 #b4b4b4
02 1 19877003 21753645 #1440cd
02 1 21786363 21797351 #b4b4b4
02 1 21797363 21833811 #1440cd
02 1 21833852 23397294 #b4b4b4
02 1 23397301 23416907 #9a029a
02 1 23416938 23419175 #b4b4b4
02 1 23419217 23460628 #9a029a
02 1 23460747 23460747 #b4b4b4
02 1 23460838 23460870 #9a029a
02 1 23460976 23826597 #b4b4b4
02 1 23826606 24047275 #9a029a
02 1 24047386 24514933 #b4b4b4
02 1 24515038 24515289 #9a029a
02 1 24515348 24614761 #b4b4b4
02 1 24614770 24640710 #9a029a
02 1 24640979 24641470 #b4b4b4
02 1 24641477 24641828 #9a029a
02 1 24642007 24645259 #b4b4b4
02 1 24645301 24673866 #9a029a
02 1 24674022 24674367 #b4b4b4
02 1 24674393 24674578 #9a029a
02 1 24674641 24682106 #b4b4b4
02 1 24682157 24691580 #9a029a
02 1 24692532 24692682 #b4b4b4
02 1 24692700 24692700 #9a029a
02 1 24692865 24838375 #b4b4b4
02 1 24847453 24857862 #9a029a
02 1 24884606 25024740 #b4b4b4
02 1 25024777 25061736 #9a029a
02 1 25061847 25124483 #b4b4b4
02 1 25124607 25124607 #9a029a
02 1 25124641 25990512 #b4b4b4
02 1 25990530 25992154 #9a029a
02 1 25992228 25993476 #b4b4b4
02 1 25993521 25994323 #9a029a
02 1 25994691 25994694 #b4b4b4
02 1 25994718 27116968 #9a029a
02 1 27117128 27131557 #b4b4b4
02 1 27131575 29511734 #1440cd
02 2 1 9976825 #b4b4b4
02 2 9977350 10811807 #00b009
02 2 10811882 13787708 #b4b4b4
02 2 13787729 15139653 #9a029a
02 2 15139662 15142891 #b4b4b4
02 2 15142902 15142902 #9a029a
02 2 15143023 15590078 #b4b4b4
02 2 15591485 15728183 #9a029a
02 2 15728196 17330891 #b4b4b4
02 2 17331168 17331426 #9a029a
02 2 17331446 17331457 #b4b4b4
02 2 17336248 18139610 #9a029a
02 2 18140753 18548915 #b4b4b4
02 2 18548929 18622891 #1440cd
02 2 18622899 18622899 #b4b4b4
02 2 18623037 18644839 #1440cd
02 2 18644848 19097770 #b4b4b4
02 2 19098020 19098109 #9a029a
02 2 19098131 19098241 #b4b4b4
02 2 19098277 19123476 #9a029a
02 2 19123509 19128249 #b4b4b4
02 2 19128262 19234862 #9a029a
02 2 19234890 19238585 #b4b4b4
02 2 19238589 19238589 #9a029a
02 2 19238628 19584609 #b4b4b4
02 2 19584816 19613625 #00b009
02 2 19614057 19614057 #b4b4b4
02 2 19614076 19668308 #00b009
02 2 19668556 19686863 #b4b4b4
02 2 19686955 19686955 #00b009
02 2 19686971 19686971 #b4b4b4
02 2 19687011 19698363 #9a029a
02 2 19698766 19724877 #b4b4b4
02 2 19725029 19725499 #00b009
02 2 19731439 19811522 #b4b4b4
02 2 19811537 19812616 #00b009
02 2 19812715 20232242 #b4b4b4
02 2 20232498 20276187 #9a029a
02 2 20278276 20394339 #b4b4b4
02 2 20407841 20408258 #9a029a
02 2 20408276 20408435 #b4b4b4
02 2 20408510 21216664 #9a029a
02 2 21216704 27527314 #00b009
02 2 27533769 27533933 #9a029a
02 2 27533936 27533972 #00b009
02 2 27533975 27533984 #b4b4b4
02 2 27534026 27536574 #00b009
02 2 27536595 27538975 #b4b4b4
02 2 27539906 27553235 #00b009
02 2 27553244 27602918 #b4b4b4
02 2 27602932 27644123 #9a029a
02 2 27644132 27669821 #b4b4b4
02 2 27670045 27759152 #1440cd
02 2 27789239 27789259 #b4b4b4
02 2 27790594 27944330 #1440cd
02 2 27944390 27977535 #b4b4b4
02 2 27978144 28014228 #1440cd
02 2 28014279 28050172 #b4b4b4
02 2 28050187 28115592 #1440cd
02 2 28115636 28355086 #9a029a
02 2 28355108 28587572 #00b009
02 2 28587589 28596224 #1440cd
02 2 28596236 29511734 #00b009
03 0 1 6658591 #00b009
03 0 6658677 6658677 #b4b4b4
03 0 6658725 6725893 #00b009
03 0 6726049 8856738 #b4b4b4
03 0 8856741 8889526 #00b009
03 0 8889667 8892233 #b4b4b4
03 0 8892389 8892798 #00b009
03 0 8892820 8892820 #b4b4b4
03 0 8892883 8911675 #00b009
03 0 8911794 8918621 #b4b4b4
03 0 8919220 8920136 #00b009
03 0 8920225 8920975 #b4b4b4
03 0 8922194 8922302 #00b009
03 0 8922360 9284353 #b4b4b4
03 0 9284388 9290978 #00b009
03 0 9291044 27501178 #b4b4b4
03 0 27501187 35020413 #c00000
03 1 1 25217432 #00b009
03 1 25217480 25229448 #b4b4b4
03 1 25229775 25321498 #00b009
03 1 25322412 26619425 #b4b4b4
03 1 26619460 26646978 #1440cd
03 1 26647038 27175110 #b4b4b4
03 1 27175127 27260073 #1440cd
03 1 27260091 28981441 #b4b4b4
03 1 28981462 28994952 #00b009
03 1 28995033 28998453 #b4b4b4
03 1 28998545 29054316 #00b009
03 1 29054455 29054460 #b4b4b4
03 1 29055770 29058914 #00b009
03 1 29060431 29189818 #b4b4b4
03 1 29190633 29190633 #00b009
03 1 29190871 29190911 #b4b4b4
03 1 29190933 32589848 #00b009
03 1 32589949 33831010 #b4b4b4
03 1 33831073 33831480 #1440cd
03 1 33832035 33832394 #b4b4b4
03 1 33832412 33832624 #1440cd
03 1 33832640 33902085 #b4b4b4
03 1 33902112 34042502 #1440cd
03 1 34047410 35020413 #b4b4b4
03 2 1 24459403 #c00000
03 2 24459601 24463697 #b4b4b4
03 2 24463701 24464004 #c00000
03 2 24464061 24616039 #b4b4b4
03 2 24616058 24757721 #c00000
03 2 24757741 24763324 #b4b4b4
03 2 24763390 24936958 #c00000
03 2 24936985 24975068 #b4b4b4
03 2 24975183 24975459 #c00000
03 2 24976085 24976120 #b4b4b4
03 2 24976292 24976572 #c00000
03 2 24976696 24976696 #b4b4b4
03 2 24976731 24978115 #c00000
03 2 24978133 24978163 #b4b4b4
03 2 24979292 25080235 #c00000
03 2 25080308 25080308 #b4b4b4
03 2 25080374 25080388 #c00000
03 2 25080406 25770149 #b4b4b4
03 2 25770275 25774999 #9a029a
03 2 25776606 26127902 #b4b4b4
03 2 26128055 26128335 #9a029a
03 2 26128367 26137285 #b4b4b4
03 2 26137471 26137526 #9a029a
03 2 26165615 26266433 #b4b4b4
03 2 26266443 27606839 #9a029a
03 2 27606849 27606849 #b4b4b4
03 2 27606863 27606863 #9a029a
03 2 27606948 27671105 #b4b4b4
03 2 27671114 27671356 #9a029a
03 2 27672964 29262381 #b4b4b4
03 2 29263038 29263038 #1440cd
03 2 29263041 29264536 #b4b4b4
03 2 29264675 30179657 #1440cd
03 2 30179721 31242099 #b4b4b4
03 2 31242177 31242207 #1440cd
03 2 31242408 31242408 #b4b4b4
03 2 31242465 31262692 #1440cd
03 2 31262711 31286424 #b4b4b4
03 2 31286436 31297425 #1440cd
03 2 31297571 31301255 #b4b4b4
03 2 31301285 31580481 #1440cd
03 2 31580493 32422976 #b4b4b4
03 2 32422994 35020413 #9a029a
04 0 1 3723591 #00b009
04 0 3723772 3723796 #b4b4b4
04 0 3723833 3747381 #00b009
04 0 3747415 3747557 #b4b4b4
04 0 3747725 3747892 #00b009
04 0 3748063 3838118 #b4b4b4
04 0 3838143 3860822 #1440cd
04 0 3860826 3860826 #b4b4b4
04 0 3860882 3873082 #1440cd
04 0 3874233 3874288 #b4b4b4
04 0 3882570 3883154 #1440cd
04 0 3883162 3994758 #b4b4b4
04 0 3994833 5016147 #1440cd
04 0 5016358 5075286 #b4b4b4
04 0 5087598 5266461 #9a029a
04 0 5266594 5394079 #b4b4b4
04 0 5394304 5732942 #9a029a
04 0 5733191 5787863 #b4b4b4
04 0 5787971 6273561 #9a029a
04 0 6273646 6274012 #b4b4b4
04 0 6274033 6274082 #9a029a
04 0 6274149 6451664 #b4b4b4
04 0 6451681 6583192 #9a029a
04 0 6583213 17230741 #b4b4b4
04 0 17230762 17429329 #1440cd
04 0 17429354 17429484 #b4b4b4
04 0 17429572 17429645 #1440cd
04 0 17429699 17584907 #b4b4b4
04 0 17586459 17671390 #1440cd
04 0 17671399 17804741 #b4b4b4
04 0 17842732 17842732 #1440cd
04 0 17842740 18012544 #b4b4b4
04 0 18045841 18411870 #1440cd
04 0 18457083 19362069 #b4b4b4
04 0 19365198 19370530 #1440cd
04 0 19370548 19370548 #b4b4b4
04 0 19370598 20856252 #1440cd
04 0 20856287 21999138 #b4b4b4
04 0 21999189 22001443 #9a029a
04 0 22001468 22260378 #b4b4b4
04 0 22260441 22260792 #1440cd
04 0 22356742 22356868 #b4b4b4
04 0 22356954 22451319 #1440cd
04 0 22451326 22467112 #b4b4b4
04 0 22467349 22467685 #1440cd
04 0 22467748 22467934 #b4b4b4
04 0 22467956 22467956 #1440cd
04 0 22467973 22467985 #b4b4b4
04 0 22468062 22468292 #1440cd
04 0 22468300 22468300 #b4b4b4
04 0 22468311 22468376 #1440cd
04 0 22500229 22500242 #b4b4b4
04 0 22500252 22500317 #1440cd
04 0 22500506 24195410 #b4b4b4
04 0 24195425 24201217 #9a029a
04 0 24201306 24259218 #b4b4b4
04 0 24259239 24912111 #9a029a
04 0 24912167 24939327 #b4b4b4
04 0 24939334 24939363 #9a029a
04 0 24939423 24955094 #b4b4b4
04 0 24955112 24955875 #9a029a
04 0 24956337 24956413 #b4b4b4
04 0 24956420 25004447 #9a029a
04 0 25004465 25091337 #b4b4b4
04 0 25091439 25131051 #9a029a
04 0 25131054 25945885 #b4b4b4
04 0 25945890 27644492 #00b009
04 0 27646054 27826072 #b4b4b4
04 0 27826083 27963582 #9a029a
04 0 27963744 28141423 #b4b4b4
04 0 28141435 28207323 #1440cd
04 0 28207332 28207988 #b4b4b4
04 0 28209135 28224000 #1440cd
04 0 28224012 28516653 #b4b4b4
04 0 28517048 28714168 #1440cd
04 0 28714246 28714484 #b4b4b4
04 0 28714534 28730631 #1440cd
04 0 28730634 28745566 #b4b4b4
04 0 28745638 28745638 #1440cd
04 0 28792940 28952799 #b4b4b4
04 0 28953011 29095132 #c00000
04 0 29095248 29124181 #b4b4b4
04 0 29124232 29146276 #9a029a
04 0 29146310 29148232 #b4b4b4
04 0 29148431 29160124 #c00000
04 0 29160154 29194122 #b4b4b4
04 0 29194146 29263408 #9a029a
04 0 29263624 29263729 #b4b4b4
04 0 29263735 29287752 #9a029a
04 0 29287834 29289305 #b4b4b4
04 0 29289356 29290029 #9a029a
04 0 29291605 29388002 #b4b4b4
04 0 29388027 29388027 #9a029a
04 0 29389837 29389837 #b4b4b4
04 0 29389925 29401911 #9a029a
04 0 29402183 29514712 #b4b4b4
04 0 29566610 29566610 #9a029a
04 0 29566711 29568474 #b4b4b4
04 0 29568498 29572279 #9a029a
04 0 29575897 29575897 #b4b4b4
04 0 29575962 29576018 #9a029a
04 0 29576077 29576140 #b4b4b4
04 0 29576385 29634496 #9a029a
04 0 29642836 29644433 #b4b4b4
04 0 29644633 29670875 #9a029a
04 0 29671660 29671660 #b4b4b4
04 0 29709693 33034461 #9a029a
04 0 33034476 33048587 #b4b4b4
04 0 33048635 33107530 #9a029a
04 0 33107560 33590251 #b4b4b4
04 0 33590290 33591302 #9a029a
04 0 33591317 33592609 #b4b4b4
04 0 33592716 33610057 #9a029a
04 0 33610098 33610126 #b4b4b4
04 0 33610162 33610175 #9a029a
04 0 33610249 33625355 #b4b4b4
04 0 33625419 33744729 #9a029a
04 0 33744738 33827608 #b4b4b4
04 0 33827951 34275745 #9a029a
04 0 34275782 34334780 #b4b4b4
04 0 34334880 34340895 #9a029a
04 0 34341057 34993523 #b4b4b4
04 0 34993562 35115589 #00b009
04 0 35115654 35129056 #b4b4b4
04 0 35129092 35130454 #00b009
04 0 35130474 35143318 #b4b4b4
04 0 35154925 35318972 #00b009
04 0 35318981 35319121 #b4b4b4
04 0 35323851 35431598 #00b009
04 0 35436892 37105743 #b4b4b4
04 1 1 545814 #9a029a
04 1 545851 546651 #b4b4b4
04 1 546871 570653 #9a029a
04 1 570718 881814 #b4b4b4
04 1 882227 882227 #1440cd
04 1 882257 886480 #b4b4b4
04 1 886632 886854 #1440cd
04 1 886868 889638 #b4b4b4
04 1 889665 1005325 #1440cd
04 1 1005336 1094197 #b4b4b4
04 1 1094206 1094950 #9a029a
04 1 1095027 1095027 #b4b4b4
04 1 1095053 1095101 #1440cd
04 1 1095113 1095266 #b4b4b4
04 1 1095321 3538144 #1440cd
04 1 3539756 3540362 #b4b4b4
04 1 3540369 3602792 #1440cd
04 1 3602915 3747381 #b4b4b4
04 1 3747415 4597970 #9a029a
04 1 4598078 5024027 #b4b4b4
04 1 5024053 5024157 #1440cd
04 1 5024282 5043366 #b4b4b4
04 1 5043381 6237380 #1440cd
04 1 6237383 6239510 #b4b4b4
04 1 6239548 6268359 #1440cd
04 1 6268376 6273031 #b4b4b4
04 1 6273197 7247762 #1440cd
04 1 7247777 7247777 #b4b4b4
04 1 7247789 7253192 #1440cd
04 1 7253197 7827942 #b4b4b4
04 1 7827947 7851575 #1440cd
04 1 7851733 8157186 #b4b4b4
04 1 8157191 8414633 #1440cd
04 1 8414639 8463440 #b4b4b4
04 1 8463455 8463458 #1440cd
04 1 8463473 8465443 #b4b4b4
04 1 8465455 8466527 #1440cd
04 1 8467258 8479932 #b4b4b4
04 1 8480010 29437631 #1440cd
04 1 29437672 29486798 #b4b4b4
04 1 29486852 29486888 #1440cd
04 1 29486909 29514712 #b4b4b4
04 1 29566610 29568709 #1440cd
04 1 29568724 29576439 #b4b4b4
04 1 29576442 32801503 #00b009
04 1 32801520 32881965 #b4b4b4
04 1 32881980 35664085 #00b009
04 1 35664093 35956605 #b4b4b4
04 1 35956869 37105743 #00b009
04 2 1 1288421 #b4b4b4
04 2 1288427 1288427 #00b009
04 2 1297935 1298470 #b4b4b4
04 2 1298625 1298625 #00b009
04 2 1298636 1298663 #b4b4b4
04 2 1298758 1298788 #00b009
04 2 1298881 1833694 #b4b4b4
04 2 1833998 2011582 #00b009
04 2 2011790 3892816 #b4b4b4
04 2 3893542 3893596 #1440cd
04 2 3893647 5735117 #b4b4b4
04 2 5735124 5736481 #9a029a
04 2 5768594 9884677 #b4b4b4
04 2 9884734 9909333 #c00000
04 2 9909506 10140404 #b4b4b4
04 2 10143063 24934018 #c00000
04 2 24934037 24934129 #b4b4b4
04 2 24934156 25301378 #c00000
04 2 25301403 25301403 #b4b4b4
04 2 25374121 25390889 #c00000
04 2 25393369 26439980 #b4b4b4
04 2 26439995 26440643 #9a029a
04 2 26440647 26570274 #b4b4b4
04 2 26571979 26599605 #1440cd
04 2 26604091 26646728 #b4b4b4
04 2 26646794 26646952 #1440cd
04 2 26647331 26648263 #b4b4b4
04 2 26648301 26810731 #1440cd
04 2 26810749 26817347 #b4b4b4
04 2 26817374 26818451 #1440cd
04 2 26818460 26818674 #b4b4b4
04 2 26818766 26818766 #1440cd
04 2 26818770 26821055 #b4b4b4
04 2 26821073 26821099 #1440cd
04 2 26821125 26825504 #b4b4b4
04 2 26827691 26827748 #1440cd
04 2 26827754 26827754 #b4b4b4
04 2 26828217 26831178 #1440cd
04 2 26831192 26863628 #b4b4b4
04 2 26886318 26888237 #1440cd
04 2 26890373 27144870 #b4b4b4
04 2 27145612 27147296 #1440cd
04 2 27155249 27163517 #b4b4b4
04 2 27163520 27425361 #1440cd
04 2 27425482 27553092 #b4b4b4
04 2 27553108 27767525 #1440cd
04 2 27767874 28097815 #b4b4b4
04 2 28105207 33527468 #c00000
04 2 33527473 35185622 #b4b4b4
04 2 35186409 35216291 #c00000
04 2 35216429 35238945 #b4b4b4
04 2 35238954 35298965 #9a029a
04 2 35298987 35299235 #b4b4b4
04 2 35299378 36274685 #9a029a
04 2 36275165 37105743 #b4b4b4
05 0 1 9525286 #00b009
05 0 9525302 9713044 #b4b4b4
05 0 9826071 10225274 #00b009
05 0 10225424 10261853 #b4b4b4
05 0 10261876 10263940 #00b009
05 0 10263982 10270357 #b4b4b4
05 0 10270393 33660407 #00b009
05 0 33660961 36341103 #b4b4b4
05 0 36341487 38014810 #c00000
05 0 38014914 38720909 #b4b4b4
05 0 38720918 41853232 #00b009
05 1 1 430060 #b4b4b4
05 1 460376 460382 #9a029a
05 1 460387 460387 #b4b4b4
05 1 460400 460895 #9a029a
05 1 463055 498577 #b4b4b4
05 1 498650 500231 #9a029a
05 1 500242 506812 #b4b4b4
05 1 517413 531269 #9a029a
05 1 531372 531372 #b4b4b4
05 1 531408 3579999 #9a029a
05 1 3580233 3618011 #b4b4b4
05 1 3618023 3618023 #9a029a
05 1 3618027 3740845 #b4b4b4
05 1 3741020 6952767 #00b009
05 1 6952800 8552923 #b4b4b4
05 1 8553121 8553121 #c00000
05 1 8553130 8553253 #b4b4b4
05 1 8553358 10774131 #c00000
05 1 10774144 11034671 #b4b4b4
05 1 11037377 11061747 #c00000
05 1 11062048 11072983 #b4b4b4
05 1 11073001 11073239 #c00000
05 1 11073270 11333804 #b4b4b4
05 1 11333821 11365859 #c00000
05 1 11365882 11395044 #b4b4b4
05 1 11395365 11507006 #c00000
05 1 11507050 11621430 #b4b4b4
05 1 11621526 11877829 #c00000
05 1 11880126 11880441 #b4b4b4
05 1 11880453 11984782 #c00000
05 1 11984805 12161341 #b4b4b4
05 1 12163459 12164182 #c00000
05 1 12164236 12229343 #b4b4b4
05 1 12229375 12238725 #c00000
05 1 12238998 15037486 #b4b4b4
05 1 15039142 15050316 #c00000
05 1 15050768 15066187 #b4b4b4
05 1 15066202 15066202 #c00000
05 1 15066225 19375001 #b4b4b4
05 1 19375004 19518511 #c00000
05 1 19518649 19566336 #b4b4b4
05 1 19566366 19698652 #c00000
05 1 19698658 20088844 #b4b4b4
05 1 20088897 25545642 #c00000
05 1 25743099 30693461 #b4b4b4
05 1 30693638 31255953 #c00000
05 1 31256049 32017538 #b4b4b4
05 1 32017770 33170052 #c00000
05 1 33170080 34724561 #b4b4b4
05 1 34724657 35114231 #9a029a
05 1 35114524 35118737 #b4b4b4
05 1 35118762 36799085 #9a029a
05 1 36799139 37049579 #b4b4b4
05 1 37049642 37049642 #00b009
05 1 37049654 37123632 #b4b4b4
05 1 37123688 38720963 #00b009
05 1 38721126 38939957 #b4b4b4
05 1 38940054 39466143 #00b009
05 1 39466158 39466999 #b4b4b4
05 1 39467026 39471923 #00b009
05 1 39471948 39508964 #b4b4b4
05 1 39509154 39617212 #00b009
05 1 39617239 39617341 #b4b4b4
05 1 39617370 39617792 #00b009
05 1 39617947 39627195 #b4b4b4
05 1 39627216 39634010 #00b009
05 1 39634079 39660991 #b4b4b4
05 1 39660994 39683224 #00b009
05 1 39683312 39683762 #b4b4b4
05 1 39683780 39721055 #00b009
05 1 39723837 40078080 #b4b4b4
05 1 40078089 40147651 #1440cd
05 1 40149067 40149324 #b4b4b4
05 1 40149327 40149327 #1440cd
05 1 40150390 40185639 #b4b4b4
05 1 40185650 40207982 #1440cd
05 1 40212203 40263607 #b4b4b4
05 1 40263657 40263657 #1440cd
05 1 40263860 40486640 #b4b4b4
05 1 40486667 40488778 #1440cd
05 1 40488874 40579928 #b4b4b4
05 1 40579946 40689750 #1440cd
05 1 40689881 40838177 #b4b4b4
05 1 40838325 41853232 #1440cd
05 2 1 596953 #b4b4b4
05 2 596956 2540394 #c00000
05 2 2540412 8150814 #00b009
05 2 8150832 8153656 #b4b4b4
05 2 8153676 8182150 #c00000
05 2 8212083 8255135 #b4b4b4
05 2 8255161 8583372 #00b009
05 2 8586821 10605174 #b4b4b4
05 2 10636183 35238860 #c00000
05 2 35239049 35434817 #b4b4b4
05 2 35434988 35434988 #1440cd
05 2 35435012 35536546 #b4b4b4
05 2 35537257 35574376 #1440cd
05 2 35574411 35670028 #b4b4b4
05 2 35670419 35671765 #1440cd
05 2 35671817 35679963 #b4b4b4
05 2 35679995 38531694 #1440cd
05 2 38531716 38536654 #b4b4b4
05 2 38536721 38539289 #1440cd
05 2 38539297 38628298 #b4b4b4
05 2 38628302 38628302 #1440cd
05 2 38628359 38628523 #b4b4b4
05 2 38628559 38628559 #1440cd
05 2 38628737 38628737 #b4b4b4
05 2 38630633 38634509 #1440cd
05 2 38634818 38725185 #b4b4b4
05 2 38725198 40643713 #00b009
05 2 40643758 40689881 #b4b4b4
05 2 40689938 40690100 #1440cd
05 2 40690134 40838177 #b4b4b4
05 2 40838325 41096747 #00b009
05 2 41096850 41853232 #b4b4b4
06 0 1 1240593 #00b009
06 0 1246035 1509091 #b4b4b4
06 0 1533288 1851688 #c00000
06 0 1851707 1851707 #b4b4b4
06 0 1851740 1854990 #c00000
06 0 1855544 1896980 #b4b4b4
06 0 1897029 1901894 #c00000
06 0 1901940 1901940 #b4b4b4
06 0 1901947 1909829 #c00000
06 0 1939446 1946375 #b4b4b4
06 0 1946411 1946487 #c00000
06 0 1946538 1946567 #b4b4b4
06 0 1949493 1952267 #c00000
06 0 1954134 1967748 #b4b4b4
06 0 1967759 1967765 #c00000
06 0 1970991 1992498 #b4b4b4
06 0 1992525 1992689 #c00000
06 0 1992698 1992774 #b4b4b4
06 0 1992807 1992852 #c00000
06 0 1992878 2045072 #b4b4b4
06 0 2047507 2049118 #c00000
06 0 2049625 2049989 #b4b4b4
06 0 2050013 6828243 #c00000
06 0 6828312 6850046 #00b009
06 0 6850079 6854092 #c00000
06 0 6854101 6856558 #00b009
06 0 6856563 7387835 #1440cd
06 0 7388150 7391115 #b4b4b4
06 0 7391129 7391694 #1440cd
06 0 7391724 7392336 #b4b4b4
06 0 7392562 7692637 #1440cd
06 0 7692727 7697843 #b4b4b4
06 0 7699104 7704274 #1440cd
06 0 7705808 7880637 #b4b4b4
06 0 7880640 7885512 #1440cd
06 0 7914831 7938290 #b4b4b4
06 0 7949398 8011704 #1440cd
06 0 8011794 8087706 #b4b4b4
06 0 8087755 8145544 #1440cd
06 0 8145681 8170298 #b4b4b4
06 0 8170340 8173342 #1440cd
06 0 8173379 8234216 #b4b4b4
06 0 8234220 9668723 #1440cd
06 0 9668731 10726108 #b4b4b4
06 0 10726119 10726119 #00b009
06 0 10726788 10728203 #b4b4b4
06 0 10728693 10728693 #00b009
06 0 10728731 11131708 #b4b4b4
06 0 11131751 11144519 #1440cd
06 0 11145349 11165638 #b4b4b4
06 0 11165671 11165715 #1440cd
06 0 11166431 11167623 #b4b4b4
06 0 11167637 11167760 #1440cd
06 0 11167781 11430922 #b4b4b4
06 0 11430925 11434826 #1440cd
06 0 11434835 11479769 #b4b4b4
06 0 11479776 11479776 #1440cd
06 0 11479827 11479944 #b4b4b4
06 0 11480552 13270070 #1440cd
06 0 13270076 13291349 #b4b4b4
06 0 13291375 13353645 #1440cd
06 0 13353698 15174226 #b4b4b4
06 0 15174233 15174722 #1440cd
06 0 15174901 15243059 #b4b4b4
06 0 15243079 15339747 #1440cd
06 0 15340233 15341558 #b4b4b4
06 0 15341885 15416240 #1440cd
06 0 15416344 15416406 #b4b4b4
06 0 15416431 15418753 #1440cd
06 0 15418765 15422776 #b4b4b4
06 0 15423137 15485134 #1440cd
06 0 15485243 15491348 #b4b4b4
06 0 15492817 29159868 #1440cd
06 0 29159871 29504029 #b4b4b4
06 0 29504268 29504268 #1440cd
06 0 29504541 29504541 #b4b4b4
06 0 29504572 29505036 #1440cd
06 0 29505244 29505244 #b4b4b4
06 0 29505476 29682814 #1440cd
06 0 29682819 29869021 #b4b4b4
06 0 29869122 29985549 #c00000
06 0 29986717 30002495 #b4b4b4
06 0 30002526 30003508 #1440cd
06 0 30003681 30005274 #b4b4b4
06 0 30005352 30005427 #c00000
06 0 30005542 30024201 #b4b4b4
06 0 30046715 30086360 #c00000
06 0 30086621 30087359 #b4b4b4
06 0 30088069 30088743 #c00000
06 0 30088755 30089084 #b4b4b4
06 0 30089094 30138677 #c00000
06 0 30138749 30191247 #b4b4b4
06 0 30191267 30205023 #1440cd
06 0 30205479 30205479 #b4b4b4
06 0 30205486 30686382 #1440cd
06 0 30691912 30691945 #b4b4b4
06 0 30691955 30763203 #1440cd
06 0 30794239 30794239 #b4b4b4
06 0 30794270 30794395 #1440cd
06 0 30794435 30795003 #b4b4b4
06 0 30796088 30796280 #1440cd
06 0 30796337 30802616 #b4b4b4
06 0 30804694 30840861 #1440cd
06 0 30840870 30841021 #b4b4b4
06 0 30841045 30910332 #1440cd
06 0 30910357 30910500 #b4b4b4
06 0 30910962 35019928 #1440cd
06 0 35019960 35042453 #b4b4b4
06 0 35042533 35066735 #1440cd
06 0 35066991 36099872 #b4b4b4
06 0 36100438 36103563 #1440cd
06 0 36118941 36210999 #b4b4b4
06 0 36211056 36211284 #00b009
06 0 36211298 36232603 #b4b4b4
06 0 36232616 36232882 #1440cd
06 0 36233026 37593364 #b4b4b4
06 1 1 891179 #b4b4b4
06 1 891447 911677 #c00000
06 1 911804 911804 #b4b4b4
06 1 911807 1178647 #c00000
06 1 1178695 1183793 #b4b4b4
06 1 1186394 1192162 #c00000
06 1 1192168 1435382 #b4b4b4
06 1 1440809 1466486 #1440cd
06 1 1466492 1498302 #b4b4b4
06 1 1498315 1498451 #c00000
06 1 1498454 1499506 #b4b4b4
06 1 1500269 1663213 #1440cd
06 1 1663360 1664704 #b4b4b4
06 1 1664881 1665409 #1440cd
06 1 1665427 1665438 #b4b4b4
06 1 1687781 1687781 #1440cd
06 1 1687824 1723026 #b4b4b4
06 1 1723044 1729610 #1440cd
06 1 1729659 1797760 #b4b4b4
06 1 1797769 2047755 #1440cd
06 1 2047798 2047859 #b4b4b4
06 1 2047924 2048514 #1440cd
06 1 2049118 3456059 #b4b4b4
06 1 3456157 29579391 #00b009
06 1 29579560 29768766 #c00000
06 1 29768890 29948697 #b4b4b4
06 1 29948777 29949291 #1440cd
06 1 29949305 30002712 #b4b4b4
06 1 30002787 30003056 #c00000
06 1 30003181 30840945 #b4b4b4
06 1 30840986 37593364 #00b009
06 2 1 939580 #b4b4b4
06 2 939586 939601 #9a029a
06 2 939637 939637 #b4b4b4
06 2 939640 949443 #9a029a
06 2 950095 980870 #b4b4b4
06 2 1001159 1752118 #9a029a
06 2 1752235 1752243 #b4b4b4
06 2 1752440 1752467 #9a029a
06 2 1752474 1811796 #b4b4b4
06 2 1811883 1855544 #9a029a
06 2 1857655 1906837 #b4b4b4
06 2 1907063 2051457 #9a029a
06 2 2051463 2051555 #b4b4b4
06 2 2051688 2110119 #9a029a
06 2 2110161 2110161 #b4b4b4
06 2 2110311 2110311 #9a029a
06 2 2110356 2388000 #b4b4b4
06 2 2388037 2708151 #9a029a
06 2 2708256 2708468 #b4b4b4
06 2 2708490 2749767 #9a029a
06 2 2749945 2749945 #b4b4b4
06 2 2750326 2750326 #9a029a
06 2 2750344 3328610 #b4b4b4
06 2 3328666 3342449 #00b009
06 2 3343258 6213230 #b4b4b4
06 2 6213245 6214768 #1440cd
06 2 6215184 6731733 #b4b4b4
06 2 6731736 6765825 #1440cd
06 2 6766080 6785584 #00b009
06 2 6785625 6825044 #1440cd
06 2 6827277 6827277 #00b009
06 2 6827325 6850405 #1440cd
06 2 6852181 6853048 #00b009
06 2 6853053 6854101 #1440cd
06 2 6856341 6856364 #b4b4b4
06 2 6856371 6856574 #c00000
06 2 6856625 6929539 #00b009
06 2 6931606 8382259 #c00000
06 2 8382297 11048286 #b4b4b4
06 2 11048308 11048575 #9a029a
06 2 11048586 11074079 #b4b4b4
06 2 11074085 11124656 #9a029a
06 2 11124670 11364570 #b4b4b4
06 2 11364591 11364755 #9a029a
06 2 11364828 11365533 #b4b4b4
06 2 11365595 11365595 #9a029a
06 2 11365652 11403185 #b4b4b4
06 2 11406753 15195347 #9a029a
06 2 15195355 15706915 #b4b4b4
06 2 15711095 15992201 #9a029a
06 2 15992207 16023888 #b4b4b4
06 2 16055310 16073105 #9a029a
06 2 16074014 16114283 #b4b4b4
06 2 16114291 16173641 #9a029a
06 2 16173755 17031077 #b4b4b4
06 2 17031137 17031239 #9a029a
06 2 17031311 17461209 #b4b4b4
06 2 17463785 17773603 #9a029a
06 2 17773706 17982196 #b4b4b4
06 2 17982218 18203314 #9a029a
06 2 18204037 18962075 #b4b4b4
06 2 18962299 18967159 #9a029a
06 2 18967174 18969006 #b4b4b4
06 2 18969030 18969582 #9a029a
06 2 18977394 19197359 #b4b4b4
06 2 19197389 19197506 #9a029a
06 2 19197542 19479177 #b4b4b4
06 2 19479192 19499066 #9a029a
06 2 19499099 20957451 #b4b4b4
06 2 20957463 20957463 #1440cd
06 2 20958700 20997753 #b4b4b4
06 2 20997769 20997769 #1440cd
06 2 21017202 21017238 #b4b4b4
06 2 21017351 22359535 #1440cd
06 2 22359662 22709230 #b4b4b4
06 2 22709301 22709319 #1440cd
06 2 22709448 22709582 #b4b4b4
06 2 22709731 22709775 #1440cd
06 2 22709783 24198700 #b4b4b4
06 2 24198754 24198758 #9a029a
06 2 24198896 24199131 #b4b4b4
06 2 24569536 25284704 #9a029a
06 2 25285203 28965973 #b4b4b4
06 2 28965996 30207716 #9a029a
06 2 30207770 30207770 #b4b4b4
06 2 30207794 30294925 #9a029a
06 2 30295994 30304409 #b4b4b4
06 2 30304424 30304440 #9a029a
06 2 30304457 30481560 #b4b4b4
06 2 30483459 30744098 #9a029a
06 2 30745125 30746761 #b4b4b4
06 2 30746778 30748769 #9a029a
06 2 30748781 30761573 #b4b4b4
06 2 30761606 30762591 #9a029a
06 2 30762606 30762606 #b4b4b4
06 2 30762623 30762714 #9a029a
06 2 30762723 30762813 #b4b4b4
06 2 30762943 30762997 #9a029a
06 2 30763074 30794389 #b4b4b4
06 2 30794395 30794440 #9a029a
06 2 30794473 30796088 #b4b4b4
06 2 30796280 30796337 #9a029a
06 2 30800543 30800958 #b4b4b4
06 2 30800983 30800983 #9a029a
06 2 30800988 30802601 #b4b4b4
06 2 30802616 30808958 #9a029a
06 2 30808964 30910483 #b4b4b4
06 2 30910500 35618984 #9a029a
06 2 35619023 35620605 #b4b4b4
06 2 35620783 35620822 #9a029a
06 2 35620888 35711193 #b4b4b4
06 2 35711199 36024380 #9a029a
06 2 36024451 36025178 #b4b4b4
06 2 36025229 36135556 #9a029a
06 2 36135691 36137056 #b4b4b4
06 2 36137222 36137764 #9a029a
06 2 36138032 36140302 #b4b4b4
06 2 36140333 36142047 #9a029a
06 2 36142051 36150703 #b4b4b4
06 2 36169220 36269823 #9a029a
06 2 36269847 36270464 #b4b4b4
06 2 36288045 36291754 #9a029a
06 2 36291975 36291975 #b4b4b4
06 2 36292042 36298384 #9a029a
06 2 36298396 36298396 #b4b4b4
06 2 36298400 36298424 #9a029a
06 2 36300963 36612661 #b4b4b4
06 2 36612680 36612680 #9a029a
06 2 36612709 36613177 #b4b4b4
06 2 36613381 36613381 #9a029a
06 2 36613416 36613520 #b4b4b4
06 2 36614214 37593364 #9a029a
07 0 1 985702 #1440cd
07 0 985738 985874 #b4b4b4
07 0 985879 985879 #1440cd
07 0 985891 1015264 #b4b4b4
07 0 1015267 1178079 #9a029a
07 0 1178089 1196025 #b4b4b4
07 0 1196037 1196061 #9a029a
07 0 1197633 1198892 #b4b4b4
07 0 1198947 1202652 #1440cd
07 0 1202709 1206969 #b4b4b4
07 0 1207168 1255177 #1440cd
07 0 1255212 1259860 #b4b4b4
07 0 1259866 1356898 #1440cd
07 0 1359608 1361734 #b4b4b4
07 0 1361798 1361813 #1440cd
07 0 1361819 1366157 #b4b4b4
07 0 1391908 1392027 #1440cd
07 0 1392282 1405648 #b4b4b4
07 0 1405672 2943575 #1440cd
07 0 2943586 2946947 #b4b4b4
07 0 2947036 2961732 #1440cd
07 0 2961757 2961757 #b4b4b4
07 0 2961765 2961768 #1440cd
07 0 2961794 2972938 #b4b4b4
07 0 2972992 2975617 #1440cd
07 0 2976360 3010434 #b4b4b4
07 0 3010841 3222906 #1440cd
07 0 3223439 3260996 #b4b4b4
07 0 3261005 3265352 #1440cd
07 0 3265473 3290916 #b4b4b4
07 0 3290973 3380122 #1440cd
07 0 3380357 3416036 #b4b4b4
07 0 3416075 3416820 #1440cd
07 0 3416889 3416889 #b4b4b4
07 0 3416994 4260330 #1440cd
07 0 4260728 4279797 #b4b4b4
07 0 4279812 4306329 #1440cd
07 0 4306600 4306600 #b4b4b4
07 0 4306905 4306905 #1440cd
07 0 4306908 4308726 #b4b4b4
07 0 4308753 4387163 #1440cd
07 0 4387226 5398039 #b4b4b4
07 0 5399986 5963072 #1440cd
07 0 5963120 5963183 #b4b4b4
07 0 5963204 9105831 #1440cd
07 0 9105997 9106100 #b4b4b4
07 0 9106106 9106106 #1440cd
07 0 9106691 10466835 #b4b4b4
07 0 10466899 10471593 #c00000
07 0 10473408 10502704 #b4b4b4
07 0 10502732 10716471 #c00000
07 0 10716648 11202509 #b4b4b4
07 0 11202512 14082533 #c00000
07 0 14082581 14693925 #b4b4b4
07 0 14694039 15544937 #c00000
07 0 15544947 15549300 #b4b4b4
07 0 15551629 15551644 #c00000
07 0 15551695 15564593 #b4b4b4
07 0 15564723 15566767 #c00000
07 0 15566790 15622913 #b4b4b4
07 0 15622922 15957738 #c00000
07 0 15957741 27783486 #b4b4b4
07 0 27783498 27877941 #c00000
07 0 27877965 27956970 #b4b4b4
07 0 27956989 27957671 #c00000
07 0 27957694 28068583 #b4b4b4
07 0 28068622 28078920 #c00000
07 0 28078952 28079018 #b4b4b4
07 0 28079985 28080054 #c00000
07 0 28080101 29670974 #b4b4b4
07 0 29670992 29671810 #c00000
07 0 29671814 29671891 #b4b4b4
07 0 29671910 30220079 #c00000
07 0 30220180 33972802 #00b009
07 0 33972805 35028021 #b4b4b4
07 1 1 718037 #00b009
07 1 718070 1038222 #b4b4b4
07 1 1038664 1117850 #1440cd
07 1 1118120 1118120 #b4b4b4
07 1 1118126 1118126 #1440cd
07 1 1118288 1196058 #b4b4b4
07 1 1196061 1197945 #1440cd
07 1 1198867 1982256 #b4b4b4
07 1 1982291 3310979 #c00000
07 1 3311210 3311706 #b4b4b4
07 1 3324133 8708282 #c00000
07 1 8736900 8835923 #b4b4b4
07 1 8836147 9134697 #c00000
07 1 9134706 9234805 #b4b4b4
07 1 9234819 33093799 #c00000
07 1 33093853 33094471 #b4b4b4
07 1 33094522 33135382 #c00000
07 1 33135489 33323407 #b4b4b4
07 1 33323423 33472107 #c00000
07 1 33472119 33511406 #9a029a
07 1 33511409 33511462 #c00000
07 1 33511470 33559588 #b4b4b4
07 1 33559666 33559775 #c00000
07 1 33559791 33562221 #b4b4b4
07 1 33562233 33562263 #c00000
07 1 33562411 33590612 #b4b4b4
07 1 33590645 35028021 #c00000
07 2 1 2210342 #00b009
07 2 2210382 2687968 #b4b4b4
07 2 2687975 2688181 #9a029a
07 2 2688586 2869574 #b4b4b4
07 2 2869578 2869784 #9a029a
07 2 2870358 3455579 #b4b4b4
07 2 3455591 3558682 #9a029a
07 2 3558690 3617172 #b4b4b4
07 2 3617184 3710821 #9a029a
07 2 3712019 3744241 #b4b4b4
07 2 3744256 3746744 #9a029a
07 2 3746780 3810070 #b4b4b4
07 2 3810074 3929571 #9a029a
07 2 3929943 4019138 #b4b4b4
07 2 4020538 4020538 #9a029a
07 2 4020545 4020553 #b4b4b4
07 2 4020582 4020582 #9a029a
07 2 4020603 4029314 #b4b4b4
07 2 4029371 4029371 #9a029a
07 2 4029473 4032291 #b4b4b4
07 2 4032297 4032440 #9a029a
07 2 4032551 4032551 #b4b4b4
07 2 4032554 4032554 #9a029a
07 2 4032594 4048296 #b4b4b4
07 2 4048321 4048321 #9a029a
07 2 4048401 4952072 #b4b4b4
07 2 4952127 4958724 #9a029a
07 2 4958771 4962285 #b4b4b4
07 2 4962475 5038858 #9a029a
07 2 5038870 5043341 #b4b4b4
07 2 5043368 5363643 #9a029a
07 2 5368688 5464218 #b4b4b4
07 2 5464257 5466919 #9a029a
07 2 5467152 5550707 #b4b4b4
07 2 5550718 5554487 #9a029a
07 2 5554514 5565506 #b4b4b4
07 2 5565519 5565519 #9a029a
07 2 5565533 5593855 #b4b4b4
07 2 5596640 5596640 #9a029a
07 2 5601265 5625088 #b4b4b4
07 2 5625108 5706963 #9a029a
07 2 5707007 5776061 #b4b4b4
07 2 5776122 5778317 #9a029a
07 2 5779116 5789888 #b4b4b4
07 2 5789950 5792790 #9a029a
07 2 5792857 5849218 #b4b4b4
07 2 5849326 6106625 #9a029a
07 2 6106836 6107078 #b4b4b4
07 2 6107167 6107167 #9a029a
07 2 6107194 6189221 #b4b4b4
07 2 6189250 6221515 #9a029a
07 2 6221575 6224857 #b4b4b4
07 2 6224864 6245068 #9a029a
07 2 6245152 6251738 #b4b4b4
07 2 6251751 6251781 #9a029a
07 2 6251808 6252183 #b4b4b4
07 2 6252255 6255882 #9a029a
07 2 6255894 6256293 #b4b4b4
07 2 6256304 6256556 #9a029a
07 2 6257941 6631636 #b4b4b4
07 2 6631656 6674098 #9a029a
07 2 6674122 7297176 #b4b4b4
07 2 7297224 7297516 #9a029a
07 2 7297521 7297521 #b4b4b4
07 2 7297587 7318108 #9a029a
07 2 7318117 7318120 #b4b4b4
07 2 7318455 7319981 #9a029a
07 2 7319984 7321235 #b4b4b4
07 2 7321247 7383132 #1440cd
07 2 7383159 7383662 #9a029a
07 2 7383671 7383683 #1440cd
07 2 7383805 7383812 #9a029a
07 2 7383836 7383836 #1440cd
07 2 7383906 7383911 #9a029a
07 2 7383928 7478817 #1440cd
07 2 7480094 7480591 #9a029a
07 2 7482529 7482541 #1440cd
07 2 7482568 7565668 #9a029a
07 2 7565734 7753036 #1440cd
07 2 7753054 7757623 #9a029a
07 2 7757741 7757741 #1440cd
07 2 7757752 7757821 #9a029a
07 2 7757847 7847941 #1440cd
07 2 7902525 7916787 #9a029a
07 2 7918981 7919010 #1440cd
07 2 7919014 7923360 #9a029a
07 2 7923438 7936310 #1440cd
07 2 7936990 7954100 #9a029a
07 2 7954249 7955362 #b4b4b4
07 2 7955374 7956697 #9a029a
07 2 7956724 7956745 #b4b4b4
07 2 7974882 8405121 #9a029a
07 2 8405169 8534552 #b4b4b4
07 2 8534600 10675876 #9a029a
07 2 10675901 10675920 #b4b4b4
07 2 10676562 15993926 #9a029a
07 2 15995549 15996350 #b4b4b4
07 2 16000162 16148319 #9a029a
07 2 16148404 16148614 #b4b4b4
07 2 16148635 16182634 #9a029a
07 2 16182666 27397329 #b4b4b4
07 2 27397349 27397587 #9a029a
07 2 27397622 27955269 #b4b4b4
07 2 27955287 27955287 #9a029a
07 2 27955304 27955433 #b4b4b4
07 2 27955447 27955447 #9a029a
07 2 27955460 27957205 #b4b4b4
07 2 27957239 27957832 #9a029a
07 2 27957850 27958342 #b4b4b4
07 2 27958375 27958375 #9a029a
07 2 27958387 28072364 #b4b4b4
07 2 28077202 30217826 #9a029a
07 2 30217936 30217949 #b4b4b4
07 2 30218332 30218384 #00b009
07 2 30219947 31943676 #9a029a
07 2 31943712 31945298 #b4b4b4
07 2 31945929 31945929 #9a029a
07 2 31946166 31955839 #b4b4b4
07 2 31955844 31955874 #9a029a
07 2 31958036 31958617 #b4b4b4
07 2 31958638 32319207 #9a029a
07 2 32327512 32327512 #b4b4b4
07 2 32327515 32393134 #9a029a
07 2 32393185 32393308 #b4b4b4
07 2 32398513 32398513 #9a029a
07 2 32398518 32402899 #b4b4b4
07 2 32402908 32545523 #9a029a
07 2 32545730 32639622 #b4b4b4
07 2 32640524 32646665 #9a029a
07 2 32646676 32646723 #b4b4b4
07 2 32652921 32753087 #9a029a
07 2 32753094 32753598 #b4b4b4
07 2 32753613 32753723 #9a029a
07 2 32753780 32753795 #b4b4b4
07 2 32753813 35028021 #9a029a
08 0 1 8415995 #00b009
08 0 8416179 8416179 #b4b4b4
08 0 8416184 8417318 #00b009
08 0 8417354 32710913 #b4b4b4
08 0 32710921 32712834 #1440cd
08 0 32717842 32717857 #b4b4b4
08 0 32717866 32771819 #1440cd
08 0 32771852 32772242 #b4b4b4
08 0 32772366 32774050 #1440cd
08 0 32774132 32774276 #b4b4b4
08 0 32836558 35299078 #1440cd
08 0 35299102 35737039 #b4b4b4
08 0 35737051 44889171 #00b009
08 1 1 1769474 #9a029a
08 1 1769510 1769586 #00b009
08 1 1789501 1837095 #9a029a
08 1 1837161 1864584 #b4b4b4
08 1 1864691 1871009 #9a029a
08 1 1871101 1959320 #b4b4b4
08 1 1959325 2121871 #9a029a
08 1 2131780 2131780 #b4b4b4
08 1 2176505 2176624 #9a029a
08 1 2176790 2179666 #b4b4b4
08 1 2179683 2206698 #9a029a
08 1 2206735 2206747 #b4b4b4
08 1 2206768 2251571 #1440cd
08 1 2251683 2253831 #b4b4b4
08 1 2253854 2413576 #9a029a
08 1 2413648 3698767 #b4b4b4
08 1 3699005 3713711 #1440cd
08 1 3713775 3718453 #b4b4b4
08 1 3718463 3718738 #1440cd
08 1 3726666 3857892 #b4b4b4
08 1 3857896 3863442 #1440cd
08 1 3863544 3957878 #b4b4b4
08 1 3957905 3960953 #00b009
08 1 3960962 3960971 #b4b4b4
08 1 3961711 4014008 #00b009
08 1 4014020 4084282 #1440cd
08 1 4084300 4103013 #00b009
08 1 4103019 4103223 #1440cd
08 1 4103265 4103325 #00b009
08 1 4103334 4103334 #b4b4b4
08 1 4103349 4103349 #1440cd
08 1 4103355 4116875 #00b009
08 1 4117093 4142723 #1440cd
08 1 4146637 4152683 #b4b4b4
08 1 4154864 4167743 #1440cd
08 1 4167776 4311930 #b4b4b4
08 1 4311957 5306354 #1440cd
08 1 5306437 5307516 #b4b4b4
08 1 5307560 5307560 #1440cd
08 1 5307568 5505104 #b4b4b4
08 1 5505118 5505124 #1440cd
08 1 5505133 5505284 #b4b4b4
08 1 5505317 5505317 #1440cd
08 1 5505326 5505440 #b4b4b4
08 1 5505445 5517665 #1440cd
08 1 5517686 5520969 #b4b4b4
08 1 5521948 5523243 #1440cd
08 1 5523290 5523290 #b4b4b4
08 1 5523472 5523512 #1440cd
08 1 5544350 5571097 #b4b4b4
08 1 5571210 5571210 #1440cd
08 1 5576006 5866223 #b4b4b4
08 1 5866239 5866409 #00b009
08 1 5866442 5866852 #b4b4b4
08 1 5867438 5867438 #00b009
08 1 5868137 5868422 #b4b4b4
08 1 5869057 5920061 #00b009
08 1 5920074 5920213 #b4b4b4
08 1 5920265 5920271 #00b009
08 1 5920347 5921863 #b4b4b4
08 1 5921905 5927705 #00b009
08 1 5927716 5927949 #b4b4b4
08 1 5928086 5928086 #00b009
08 1 5928089 5930710 #b4b4b4
08 1 5930727 6076787 #00b009
08 1 6076801 6094440 #b4b4b4
08 1 6140684 6141666 #00b009
08 1 6141681 6141732 #b4b4b4
08 1 6141801 6151354 #00b009
08 1 6151380 6305590 #b4b4b4
08 1 6305641 6307711 #00b009
08 1 6307788 6615909 #b4b4b4
08 1 6615960 6681180 #1440cd
08 1 6681243 7024727 #b4b4b4
08 1 7024764 7025641 #1440cd
08 1 7025690 7185303 #b4b4b4
08 1 7185408 7187353 #1440cd
08 1 7187368 7210976 #b4b4b4
08 1 7238367 7433004 #1440cd
08 1 7433072 7435553 #b4b4b4
08 1 7435560 7601631 #1440cd
08 1 7601646 7612936 #b4b4b4
08 1 7613807 7614182 #1440cd
08 1 7614320 7666954 #b4b4b4
08 1 7667035 7667060 #1440cd
08 1 7667084 7667095 #b4b4b4
08 1 7667203 7667749 #1440cd
08 1 7667876 7777050 #b4b4b4
08 1 7777056 7857829 #1440cd
08 1 7857840 7899087 #b4b4b4
08 1 7899908 8280676 #1440cd
08 1 8280700 8375774 #b4b4b4
08 1 8375836 10980023 #c00000
08 1 10980104 11045758 #b4b4b4
08 1 11045807 11045869 #c00000
08 1 11046829 11107942 #b4b4b4
08 1 11108249 11108560 #c00000
08 1 11109387 11117379 #b4b4b4
08 1 11117561 11117669 #c00000
08 1 11117672 11117720 #b4b4b4
08 1 11117735 16761410 #c00000
08 1 16761482 17481458 #b4b4b4
08 1 17481723 17483196 #c00000
08 1 17764099 18022929 #b4b4b4
08 1 18022941 33662439 #c00000
08 1 33662570 33877270 #b4b4b4
08 1 33878452 35737160 #00b009
08 1 35737186 35933249 #b4b4b4
08 1 35933269 35940865 #00b009
08 1 35940914 37356097 #b4b4b4
08 1 37357814 37357893 #9a029a
08 1 37357920 37357920 #b4b4b4
08 1 37358056 38734325 #9a029a
08 1 38734379 38786978 #b4b4b4
08 1 38786992 38786992 #9a029a
08 1 38787083 38994395 #b4b4b4
08 1 38994419 39308354 #00b009
08 1 39308427 39909290 #b4b4b4
08 1 39924644 39932038 #9a029a
08 1 39932078 39932082 #b4b4b4
08 1 39932106 39932358 #9a029a
08 1 39933368 39933368 #b4b4b4
08 1 39933478 39965002 #9a029a
08 1 39984001 39985503 #b4b4b4
08 1 39985511 39985533 #9a029a
08 1 39985548 40035012 #b4b4b4
08 1 40035018 40035018 #9a029a
08 1 40037270 40054480 #b4b4b4
08 1 40054492 40420038 #9a029a
08 1 40420490 40420490 #b4b4b4
08 1 40420525 40428388 #9a029a
08 1 40428534 40489221 #b4b4b4
08 1 40500585 40500668 #9a029a
08 1 40500941 40502128 #b4b4b4
08 1 40503510 40532057 #9a029a
08 1 40532063 40532366 #b4b4b4
08 1 40532412 40532412 #9a029a
08 1 40532444 40629458 #b4b4b4
08 1 40633959 40633959 #9a029a
08 1 40635354 40635354 #b4b4b4
08 1 40635382 40635382 #9a029a
08 1 40637315 40854207 #b4b4b4
08 1 40854216 40905358 #9a029a
08 1 40905393 41917776 #b4b4b4
08 1 41917809 41932877 #9a029a
08 1 41932949 41932996 #00b009
08 1 41933037 41940506 #b4b4b4
08 1 41940521 41940546 #00b009
08 1 41940600 41940600 #b4b4b4
08 1 41940617 41940617 #9a029a
08 1 41940646 41940646 #b4b4b4
08 1 41940834 42039260 #9a029a
08 1 42039286 42039286 #b4b4b4
08 1 42039289 42042108 #9a029a
08 1 42042169 42065308 #b4b4b4
08 1 42065391 42065839 #9a029a
08 1 42065857 44889171 #b4b4b4
08 2 1 743697 #b4b4b4
08 2 743820 743871 #00b009
08 2 743959 744112 #b4b4b4
08 2 744181 1062263 #00b009
08 2 1062294 1062339 #b4b4b4
08 2 1062366 1062522 #00b009
08 2 1062546 1063209 #b4b4b4
08 2 1063257 1064975 #00b009
08 2 1065019 1065019 #b4b4b4
08 2 1084689 1084954 #00b009
08 2 1084963 1568014 #b4b4b4
08 2 1568083 1753166 #00b009
08 2 1753177 1753181 #1440cd
08 2 1769207 1769246 #00b009
08 2 1769422 1793166 #1440cd
08 2 1793181 1793187 #b4b4b4
08 2 1793214 1794901 #1440cd
08 2 1795036 1959232 #b4b4b4
08 2 1959300 1961409 #00b009
08 2 1961481 1962334 #b4b4b4
08 2 1962555 2176505 #00b009
08 2 2176624 2179315 #b4b4b4
08 2 2179409 2179409 #00b009
08 2 2179423 2179599 #b4b4b4
08 2 2179666 2179767 #00b009
08 2 2180065 2205641 #1440cd
08 2 2205692 2208259 #00b009
08 2 2208300 2208597 #b4b4b4
08 2 2208642 2208642 #00b009
08 2 2208649 2232435 #9a029a
08 2 2232471 2236387 #b4b4b4
08 2 2236450 2237148 #9a029a
08 2 2237956 2237956 #b4b4b4
08 2 2237962 2237962 #9a029a
08 2 2237980 2245962 #b4b4b4
08 2 2247206 2251469 #9a029a
08 2 2251478 2251478 #b4b4b4
08 2 2251492 2253708 #9a029a
08 2 2253736 2368935 #b4b4b4
08 2 2410356 41831848 #1440cd
08 2 41831910 41918254 #b4b4b4
08 2 41919915 41922796 #00b009
08 2 41923040 41923104 #b4b4b4
08 2 41930065 42107791 #1440cd
08 2 42108789 42144157 #b4b4b4
08 2 42144214 42144214 #1440cd
08 2 42144248 42214851 #b4b4b4
08 2 42214893 44889171 #1440cd
09 0 1 6996140 #00b009
09 0 6996384 7199086 #b4b4b4
09 0 7199213 7544296 #9a029a
09 0 7544422 7628537 #b4b4b4
09 0 7628612 7639537 #9a029a
09 0 7639542 7639542 #b4b4b4
09 0 7639579 7670129 #9a029a
09 0 7670424 8003976 #b4b4b4
09 0 8004105 8005514 #9a029a
09 0 8005585 8016545 #b4b4b4
09 0 8018324 8018717 #9a029a
09 0 8020382 8020472 #b4b4b4
09 0 8020475 8020475 #9a029a
09 0 8020523 8042151 #b4b4b4
09 0 8042156 8042156 #9a029a
09 0 8042165 8042790 #b4b4b4
09 0 8042795 8043481 #9a029a
09 0 8099978 8623307 #b4b4b4
09 0 8623742 8624431 #9a029a
09 0 8624444 8627905 #b4b4b4
09 0 8628905 8703667 #9a029a
09 0 8703680 8830830 #1440cd
09 0 8830903 8922554 #b4b4b4
09 0 8922593 8922593 #1440cd
09 0 8922733 8922836 #9a029a
09 0 8922852 8923648 #1440cd
09 0 8923652 8938182 #9a029a
09 0 8938188 8938362 #1440cd
09 0 8938368 8938368 #9a029a
09 0 8938386 8938386 #b4b4b4
09 0 8938392 8943445 #9a029a
09 0 8943481 8943481 #b4b4b4
09 0 8943487 8984231 #9a029a
09 0 8984264 8984264 #b4b4b4
09 0 8984276 8993002 #1440cd
09 0 8993150 8993150 #9a029a
09 0 8993218 8993228 #1440cd
09 0 8993236 8993251 #b4b4b4
09 0 8993278 8993281 #1440cd
09 0 9005419 9005473 #b4b4b4
09 0 9005476 9031179 #1440cd
09 0 9031203 9075973 #9a029a
09 0 9076059 9081607 #b4b4b4
09 0 9081657 9083384 #9a029a
09 0 9083420 9083420 #b4b4b4
09 0 9090645 9267721 #9a029a
09 0 9268006 9268420 #b4b4b4
09 0 9268474 12489294 #00b009
09 0 12523572 13121942 #b4b4b4
09 0 13122079 29042175 #00b009
09 0 29043723 34474708 #b4b4b4
09 0 34474854 34731720 #00b009
09 0 34732618 34926528 #b4b4b4
09 0 34926549 34929718 #00b009
09 0 34929944 35340516 #b4b4b4
09 0 35340519 37705307 #00b009
09 0 37705630 37706308 #b4b4b4
09 0 37706317 37937677 #c00000
09 0 37937813 38748464 #b4b4b4
09 0 38748600 41306725 #00b009
09 1 1 1356447 #1440cd
09 1 1356467 1622524 #b4b4b4
09 1 1622557 1622575 #1440cd
09 1 1623542 1624780 #b4b4b4
09 1 1624800 1937876 #1440cd
09 1 1938085 1990207 #b4b4b4
09 1 1990226 2360157 #1440cd
09 1 2360160 2403164 #00b009
09 1 2403248 2419253 #1440cd
09 1 2419283 2420430 #00b009
09 1 2420506 2420621 #1440cd
09 1 2453352 2453352 #00b009
09 1 2453538 2546822 #1440cd
09 1 2546876 2561851 #00b009
09 1 2563046 2563046 #1440cd
09 1 2565635 3096579 #00b009
09 1 3096646 3131451 #1440cd
09 1 3131466 3133372 #00b009
09 1 3133545 3136499 #1440cd
09 1 3136824 3136976 #00b009
09 1 3137147 8680706 #1440cd
09 1 8680712 8693937 #b4b4b4
09 1 8695693 9269062 #00b009
09 1 9287774 9288337 #1440cd
09 1 9288359 9288394 #00b009
09 1 9288424 9288424 #9a029a
09 1 9288428 9288476 #00b009
09 1 9288539 9288539 #9a029a
09 1 9288553 9288553 #00b009
09 1 9288634 9289094 #1440cd
09 1 9289114 9289114 #00b009
09 1 9289125 9289898 #1440cd
09 1 9289958 9289958 #b4b4b4
09 1 9289994 9368456 #9a029a
09 1 9368684 9441870 #b4b4b4
09 1 9442711 9442711 #9a029a
09 1 9442774 9442794 #b4b4b4
09 1 9442931 9442945 #1440cd
09 1 9442979 9443180 #9a029a
09 1 9443373 9443428 #1440cd
09 1 9443486 9443681 #9a029a
09 1 9443921 9449423 #1440cd
09 1 9449435 9449435 #b4b4b4
09 1 9449441 9561210 #9a029a
09 1 9562158 9565517 #b4b4b4
09 1 9565601 9568303 #9a029a
09 1 9568319 9572394 #b4b4b4
09 1 9572411 9615430 #9a029a
09 1 9615771 9618249 #b4b4b4
09 1 9618276 9628476 #9a029a
09 1 9628486 9629733 #1440cd
09 1 9688394 9688462 #9a029a
09 1 9715356 9715356 #b4b4b4
09 1 9715367 9715367 #1440cd
09 1 9717917 9718018 #b4b4b4
09 1 9718034 9983542 #1440cd
09 1 9986048 9986087 #b4b4b4
09 1 9986093 9992122 #1440cd
09 1 9992191 9994908 #b4b4b4
09 1 9994962 10081138 #9a029a
09 1 10081234 10346823 #b4b4b4
09 1 10349809 10350756 #9a029a
09 1 10350777 10351815 #b4b4b4
09 1 10351834 10351834 #9a029a
09 1 10351859 10447930 #b4b4b4
09 1 10447935 10790761 #9a029a
09 1 10803234 10805878 #b4b4b4
09 1 10805884 10829884 #9a029a
09 1 10829987 10830231 #b4b4b4
09 1 10830238 10838021 #9a029a
09 1 10839472 10852953 #b4b4b4
09 1 10856135 10856228 #9a029a
09 1 10856252 10946405 #b4b4b4
09 1 10946412 10946443 #9a029a
09 1 10946456 10946633 #b4b4b4
09 1 10946684 10968017 #9a029a
09 1 10968241 11006483 #b4b4b4
09 1 11006531 11006614 #9a029a
09 1 11008005 11059491 #b4b4b4
09 1 11061025 11133055 #9a029a
09 1 11133065 11150742 #b4b4b4
09 1 11150783 11251303 #9a029a
09 1 11251307 11251307 #b4b4b4
09 1 11251428 13246858 #9a029a
09 1 13246933 35871737 #b4b4b4
09 1 35871752 36637406 #00b009
09 1 36638366 36700001 #b4b4b4
09 1 36700057 36703498 #00b009
09 1 36703926 36703926 #b4b4b4
09 1 36704019 36707281 #00b009
09 1 36707287 36908918 #b4b4b4
09 1 36909314 36988050 #00b009
09 1 36990297 37971645 #b4b4b4
09 1 37971662 38922627 #9a029a
09 1 38922631 39061990 #b4b4b4
09 1 39062009 39662744 #00b009
09 1 39664155 40370772 #b4b4b4
09 1 40370805 40579719 #9a029a
09 1 40579737 40579944 #00b009
09 1 40579962 40629471 #b4b4b4
09 1 40629480 41306725 #00b009
09 2 1 897682 #b4b4b4
09 2 915840 916959 #00b009
09 2 917085 977296 #b4b4b4
09 2 977757 985288 #00b009
09 2 985318 2075162 #b4b4b4
09 2 2075213 6097549 #00b009
09 2 6097590 38627931 #c00000
09 2 38628009 38628009 #b4b4b4
09 2 38628027 38641006 #c00000
09 2 38650569 38922272 #b4b4b4
09 2 38922445 39196112 #1440cd
09 2 39196159 39196159 #b4b4b4
09 2 39196183 39196267 #1440cd
09 2 39196364 39599622 #b4b4b4
09 2 39599634 39601071 #1440cd
09 2 39601089 40371845 #b4b4b4
09 2 40371872 40384534 #1440cd
09 2 40384670 40455167 #b4b4b4
09 2 40455230 40455518 #1440cd
09 2 40455578 40455644 #b4b4b4
09 2 40455885 40455885 #1440cd
09 2 40455945 40480899 #b4b4b4
09 2 40480967 40486711 #1440cd
09 2 40486735 40486856 #b4b4b4
09 2 40486897 40489141 #1440cd
09 2 40489317 40563487 #b4b4b4
09 2 40563523 40563523 #00b009
09 2 40563578 41306725 #1440cd
10 0 1 7936431 #00b009
10 0 7936627 7936698 #b4b4b4
10 0 7936707 13148625 #c00000
10 0 13148640 13148772 #1440cd
10 0 13148775 13148814 #c00000
10 0 13150257 13150332 #1440cd
10 0 13150335 17744597 #c00000
10 0 17747736 17747736 #b4b4b4
10 0 17747780 22000485 #c00000
10 0 22000491 22000491 #b4b4b4
10 0 22000514 22018465 #c00000
10 0 22018468 22111094 #b4b4b4
10 0 22111127 22119526 #00b009
10 0 22119577 22119646 #b4b4b4
10 0 22119790 37674811 #00b009
10 1 1 5025491 #9a029a
10 1 5042071 5449436 #b4b4b4
10 1 5449464 9736346 #9a029a
10 1 9736386 9736407 #b4b4b4
10 1 9736497 13320753 #9a029a
10 1 13321120 13404453 #1440cd
10 1 13404473 13404740 #9a029a
10 1 13404761 13404963 #1440cd
10 1 13404972 13485387 #9a029a
10 1 13485538 13485538 #1440cd
10 1 13487691 13487691 #9a029a
10 1 13487705 13956572 #1440cd
10 1 13957524 14005706 #9a029a
10 1 14005780 14006031 #1440cd
10 1 14006035 14226166 #9a029a
10 1 14226180 14320066 #b4b4b4
10 1 14320429 14321830 #1440cd
10 1 14321839 14351032 #b4b4b4
10 1 14351121 14656442 #1440cd
10 1 14656482 14656718 #b4b4b4
10 1 14656721 17169890 #1440cd
10 1 17169932 17687896 #9a029a
10 1 17687984 17688103 #1440cd
10 1 17688132 17688132 #9a029a
10 1 17688135 17709349 #1440cd
10 1 17709385 17743910 #9a029a
10 1 17743916 17744216 #1440cd
10 1 17744333 17744342 #9a029a
10 1 17744387 17747891 #1440cd
10 1 17750798 17752629 #9a029a
10 1 17752879 18909398 #1440cd
10 1 18909446 18909951 #9a029a
10 1 18909968 19673058 #1440cd
10 1 19673087 19673087 #9a029a
10 1 19673093 19673140 #1440cd
10 1 19727047 19974421 #9a029a
10 1 20085818 20085824 #1440cd
10 1 20085866 20085875 #9a029a
10 1 20085878 20374293 #1440cd
10 1 20374311 20382078 #9a029a
10 1 20383717 20383717 #1440cd
10 1 20397563 20455137 #9a029a
10 1 20456075 20456495 #1440cd
10 1 20456510 20460204 #9a029a
10 1 20460225 20461116 #1440cd
10 1 20461155 21450893 #9a029a
10 1 21451054 21524052 #b4b4b4
10 1 21524059 21603226 #9a029a
10 1 21603271 22764784 #b4b4b4
10 1 22764788 22900137 #1440cd
10 1 22900151 23163591 #b4b4b4
10 1 23163662 23163674 #1440cd
10 1 23163699 24733278 #b4b4b4
10 1 24733316 27405966 #00b009
10 1 27406048 27478939 #c00000
10 1 27478975 27481938 #00b009
10 1 27481941 27562364 #c00000
10 1 27562472 27590245 #9a029a
10 1 27590281 29999701 #c00000
10 1 29999714 30597084 #b4b4b4
10 1 30597118 30613397 #c00000
10 1 30613400 30641371 #b4b4b4
10 1 30641381 30646271 #c00000
10 1 30648371 30648593 #b4b4b4
10 1 30648629 30654826 #c00000
10 1 30654880 30660108 #b4b4b4
10 1 30660189 30670094 #c00000
10 1 30670097 30952961 #b4b4b4
10 1 30952997 31107177 #c00000
10 1 31107206 31152489 #b4b4b4
10 1 31152531 31152726 #c00000
10 1 31152781 31185681 #b4b4b4
10 1 31185732 31657130 #c00000
10 1 31657157 31671375 #b4b4b4
10 1 31673142 31717505 #c00000
10 1 31717580 31738661 #b4b4b4
10 1 31738757 31738757 #c00000
10 1 31739030 31890503 #b4b4b4
10 1 31890687 31909233 #c00000
10 1 31909588 31925291 #b4b4b4
10 1 31925375 31926517 #c00000
10 1 31926580 34846816 #b4b4b4
10 1 34846989 36690944 #00b009
10 1 36692493 36717106 #b4b4b4
10 1 36717127 37674811 #1440cd
10 2 1 4338636 #b4b4b4
10 2 4338726 4338935 #00b009
10 2 4338955 4340774 #b4b4b4
10 2 4340807 4492213 #00b009
10 2 4492255 4492366 #b4b4b4
10 2 4493446 4494368 #00b009
10 2 4496220 4771525 #b4b4b4
10 2 4771580 24260516 #1440cd
10 2 24260531 24365284 #b4b4b4
10 2 24365949 25142251 #c00000
10 2 25142282 25602540 #b4b4b4
10 2 25619705 26032873 #9a029a
10 2 26032966 26035687 #b4b4b4
10 2 26035692 26035692 #9a029a
10 2 26035732 26036047 #b4b4b4
10 2 26036066 26036066 #9a029a
10 2 26036084 26173553 #b4b4b4
10 2 26173567 26179655 #9a029a
10 2 26179674 26180755 #b4b4b4
10 2 26180779 26305602 #9a029a
10 2 26306600 26306862 #b4b4b4
10 2 26306937 26308681 #9a029a
10 2 26308697 26308778 #b4b4b4
10 2 26308852 26475347 #9a029a
10 2 26475389 26489234 #b4b4b4
10 2 26489344 26489357 #9a029a
10 2 26489383 26489383 #b4b4b4
10 2 26489522 26489616 #9a029a
10 2 26490492 26503481 #b4b4b4
10 2 26503566 26508530 #9a029a
10 2 26508536 26509854 #b4b4b4
10 2 26509865 30038642 #9a029a
10 2 30038655 30529129 #b4b4b4
10 2 30529170 30551661 #9a029a
10 2 30551695 30554982 #b4b4b4
10 2 30555000 30564057 #9a029a
10 2 30564068 30564238 #b4b4b4
10 2 30565387 30565407 #9a029a
10 2 30565434 30565466 #b4b4b4
10 2 30565533 30566094 #9a029a
10 2 30568167 30633587 #b4b4b4
10 2 30633737 30638948 #9a029a
10 2 30639018 30639018 #b4b4b4
10 2 30639045 30639180 #9a029a
10 2 30639531 30648371 #b4b4b4
10 2 30648377 30669339 #9a029a
10 2 30669350 30853148 #b4b4b4
10 2 30853167 30933744 #9a029a
10 2 30933797 30933797 #b4b4b4
10 2 30933839 30936597 #9a029a
10 2 30936618 31078657 #b4b4b4
10 2 31078715 31078721 #9a029a
10 2 31079215 31560488 #b4b4b4
10 2 31560495 37674811 #00b009
11 0 1 25935728 #00b009
11 0 25935962 27954350 #b4b4b4
11 1 1 2001342 #c00000
11 1 2005959 2071930 #b4b4b4
11 1 2071938 2109250 #c00000
11 1 2109255 2109961 #b4b4b4
11 1 2109973 6317734 #c00000
11 1 6318116 6358658 #b4b4b4
11 1 6358670 6358727 #1440cd
11 1 6358769 6360816 #b4b4b4
11 1 6360927 6361354 #1440cd
11 1 6361363 6363537 #b4b4b4
11 1 6363738 6363776 #1440cd
11 1 6363815 6439851 #b4b4b4
11 1 6440337 6559466 #1440cd
11 1 6559490 6559490 #b4b4b4
11 1 6559497 6560633 #1440cd
11 1 6560639 9956173 #b4b4b4
11 1 9956202 10109535 #1440cd
11 1 10114057 10826572 #b4b4b4
11 1 10826591 10876038 #1440cd
11 1 10876128 11038555 #b4b4b4
11 1 11038609 14048020 #1440cd
11 1 14048044 15009197 #b4b4b4
11 1 15009201 15685851 #1440cd
11 1 15685893 15685893 #b4b4b4
11 1 15685902 16108280 #1440cd
11 1 16108337 16108424 #b4b4b4
11 1 16108439 16281990 #1440cd
11 1 16281997 16282010 #b4b4b4
11 1 16282046 16282046 #1440cd
11 1 16282055 16282284 #b4b4b4
11 1 16282323 16306934 #1440cd
11 1 16306961 16307277 #b4b4b4
11 1 16307284 16308451 #1440cd
11 1 16308484 16422196 #b4b4b4
11 1 16422347 16426290 #1440cd
11 1 16426311 16431558 #b4b4b4
11 1 16431722 16460297 #1440cd
11 1 16460312 16694258 #b4b4b4
11 1 16694261 16694627 #1440cd
11 1 16694634 16695025 #b4b4b4
11 1 16695030 16927742 #1440cd
11 1 16927764 17069882 #b4b4b4
11 1 17069963 17072957 #1440cd
11 1 17073053 17079136 #b4b4b4
11 1 17079141 17383196 #1440cd
11 1 17383204 17385277 #b4b4b4
11 1 17386805 17611392 #1440cd
11 1 17611426 17611600 #b4b4b4
11 1 17613568 17763915 #1440cd
11 1 17763924 17763924 #b4b4b4
11 1 17763942 19629546 #1440cd
11 1 19630699 20123394 #b4b4b4
11 1 20127217 20129612 #1440cd
11 1 20133109 22031400 #b4b4b4
11 1 22031418 22031844 #1440cd
11 1 22034806 22040198 #b4b4b4
11 1 22040211 22040746 #1440cd
11 1 22040817 22042041 #b4b4b4
11 1 22042092 22105698 #1440cd
11 1 22105740 22411902 #b4b4b4
11 1 22411958 22412954 #00b009
11 1 22412960 22480365 #b4b4b4
11 1 22480392 22480648 #00b009
11 1 22480669 22480679 #b4b4b4
11 1 22480693 22530422 #00b009
11 1 22530425 22530425 #b4b4b4
11 1 22530524 23377270 #00b009
11 1 23377279 23511622 #b4b4b4
11 1 23520334 24399162 #c00000
11 1 24399184 24839169 #b4b4b4
11 1 24839303 25159200 #00b009
11 1 25161405 25245616 #b4b4b4
11 1 25246326 25249578 #00b009
11 1 25249610 25278611 #b4b4b4
11 1 25278844 25280786 #00b009
11 1 25280801 25522224 #b4b4b4
11 1 25523494 25527915 #c00000
11 1 25551741 25551769 #b4b4b4
11 1 25551782 27954350 #c00000
11 2 1 1343003 #1440cd
11 2 1343048 1343048 #b4b4b4
11 2 1343165 1480836 #1440cd
11 2 1480843 1525546 #b4b4b4
11 2 1525562 1525724 #1440cd
11 2 1525742 1525745 #b4b4b4
11 2 1525754 1589739 #1440cd
11 2 1589748 2928403 #b4b4b4
11 2 2929406 2930693 #1440cd
11 2 2930922 2930959 #b4b4b4
11 2 2931154 2967319 #1440cd
11 2 2967448 3193435 #b4b4b4
11 2 3193562 3193562 #1440cd
11 2 3193568 3193588 #00b009
11 2 3193607 3241126 #1440cd
11 2 3241138 3245799 #00b009
11 2 3245826 5317332 #1440cd
11 2 5317499 6071060 #b4b4b4
11 2 6071081 6242775 #00b009
11 2 6242794 6243398 #b4b4b4
11 2 6243403 6243466 #00b009
11 2 6251616 6251616 #b4b4b4
11 2 6251640 23968719 #00b009
11 2 23968830 24289231 #b4b4b4
11 2 24289237 24316055 #00b009
11 2 24316200 24324128 #b4b4b4
11 2 24361300 24388526 #00b009
11 2 24388530 24388681 #b4b4b4
11 2 24388694 25553371 #00b009
11 2 25553978 25936018 #b4b4b4
11 2 25936025 26003275 #9a029a
11 2 26003412 26416302 #b4b4b4
11 2 26416318 27150484 #c00000
11 2 27150542 27157397 #b4b4b4
11 2 27162662 27165457 #c00000
11 2 27170466 27224711 #b4b4b4
11 2 27224728 27226216 #c00000
11 2 27226231 27226285 #b4b4b4
11 2 27226332 27227588 #c00000
11 2 27227761 27228812 #b4b4b4
11 2 27228858 27251609 #c00000
11 2 27251648 27954350 #b4b4b4
