01 0 1 29070452 #00b009
01 1 1 29070452 #00b009
02 0 1 29511734 #00b009
02 1 1 29511734 #00b009
03 0 1 35020413 #00b009
03 1 1 35020413 #00b009
04 0 1 37105743 #00b009
04 1 1 37105743 #00b009
05 0 1 41853232 #00b009
05 1 1 41853232 #00b009
06 0 1 37593364 #00b009
06 1 1 37593364 #00b009
07 0 1 35028021 #00b009
07 1 1 35028021 #00b009
08 0 1 44889171 #00b009
08 1 1 44889171 #00b009
09 0 1 41306725 #00b009
09 1 1 41306725 #00b009
10 0 1 37674811 #00b009
10 1 1 37674811 #00b009
11 0 1 27954350 #00b009
11 1 1 27954350 #00b009
