01 0 1 470800 #1440cd
01 0 470825 486098 #c00000
01 0 509745 512070 #1440cd
01 0 512148 547353 #c00000
01 0 547380 548523 #1440cd
01 0 548577 548577 #c00000
01 0 548610 548712 #b4b4b4
01 0 548751 563257 #1440cd
01 0 563796 572770 #b4b4b4
01 0 574418 594793 #c00000
01 0 615113 619059 #1440cd
01 0 619119 619119 #c00000
01 0 619124 707687 #1440cd
01 0 707699 802606 #c00000
01 0 802636 802648 #1440cd
01 0 802654 807091 #c00000
01 0 810360 810360 #1440cd
01 0 810411 843114 #c00000
01 0 843135 847414 #b4b4b4
01 0 847426 1202687 #c00000
01 0 1202733 1204213 #b4b4b4
01 0 1251334 2914870 #c00000
01 0 2928080 2928359 #b4b4b4
01 0 2928370 3097558 #c00000
01 0 3097603 3097603 #b4b4b4
01 0 3097687 3103384 #c00000
01 0 3103424 3133005 #b4b4b4
01 0 3133012 4875462 #c00000
01 0 4875477 4989834 #b4b4b4
01 0 4989921 11882251 #c00000
01 0 11882269 11882269 #b4b4b4
01 0 11882294 11882456 #c00000
01 0 11882461 11915438 #b4b4b4
01 0 11919968 11921537 #c00000
01 0 11921585 13258548 #b4b4b4
01 0 13301717 13458934 #c00000
01 0 13458976 13559784 #b4b4b4
01 0 13559806 13565081 #c00000
01 0 13565360 13672963 #b4b4b4
01 0 13673060 16541641 #c00000
01 0 16541647 16541716 #b4b4b4
01 0 16542317 17061420 #c00000
01 0 17061474 17076719 #b4b4b4
01 0 17328462 17332896 #c00000
01 0 17333591 17410936 #b4b4b4
01 0 17578362 21013147 #c00000
01 0 21013157 21013175 #b4b4b4
01 0 21013214 25295970 #c00000
01 0 25295975 25301586 #b4b4b4
01 0 25301620 25301620 #c00000
01 0 25301629 25302145 #b4b4b4
01 0 25302184 25566748 #c00000
01 0 25568804 29070452 #b4b4b4
01 1 1 29070452 #1440cd
02 0 1 29511734 #1440cd
02 1 1 14196842 #c00000
02 1 14196845 14259845 #b4b4b4
02 1 14259896 14318859 #c00000
02 1 14318868 14421474 #b4b4b4
02 1 14455043 14542812 #c00000
02 1 14542858 15667282 #b4b4b4
02 1 15667333 15728196 #c00000
02 1 15728262 16781623 #b4b4b4
02 1 16781673 16862100 #ffc000
02 1 16862108 16862108 #b4b4b4
02 1 16862179 21834502 #ffc000
02 1 21834506 21834518 #b4b4b4
02 1 21834564 23370486 #ffc000
02 1 23370569 23376100 #1440cd
02 1 23376121 23376121 #ffc000
02 1 23376235 23397525 #1440cd
02 1 23397536 23397564 #ffc000
02 1 23397576 23415532 #1440cd
02 1 23415562 23416727 #b4b4b4
02 1 23416733 23421088 #ffc000
02 1 23421120 23464318 #1440cd
02 1 23464343 23464343 #ffc000
02 1 23464486 23464934 #1440cd
02 1 23466557 23466853 #b4b4b4
02 1 23466907 23509682 #1440cd
02 1 23509707 23598120 #b4b4b4
02 1 23598124 23598230 #1440cd
02 1 23598557 23598704 #b4b4b4
02 1 23598707 23607641 #1440cd
02 1 23607853 23678804 #b4b4b4
02 1 23679151 23744004 #1440cd
02 1 23744073 23744262 #b4b4b4
02 1 23744337 23744350 #1440cd
02 1 23744478 24074572 #b4b4b4
02 1 24074605 24506816 #c00000
02 1 24506826 24506841 #b4b4b4
02 1 24506926 24516174 #c00000
02 1 24516209 24516209 #b4b4b4
02 1 24516218 24516241 #c00000
02 1 24516458 24641470 #b4b4b4
02 1 24641477 24641828 #c00000
02 1 24642007 24654162 #b4b4b4
02 1 24654620 26177473 #c00000
02 1 26177482 26209146 #b4b4b4
02 1 26209233 29511734 #c00000
03 0 1 35020413 #1440cd
03 1 1 3910735 #c00000
03 1 3910778 3910998 #b4b4b4
03 1 3911176 3911256 #c00000
03 1 3911439 3912791 #b4b4b4
03 1 3912845 3912854 #c00000
03 1 3912914 4002025 #b4b4b4
03 1 4002111 8890610 #c00000
03 1 8891815 8892233 #b4b4b4
03 1 8892389 8911591 #c00000
03 1 8911651 8919577 #b4b4b4
03 1 8919598 8922278 #c00000
03 1 8922302 9019567 #b4b4b4
03 1 9019579 24412997 #c00000
03 1 24413005 24431850 #b4b4b4
03 1 24433436 24454632 #1440cd
03 1 24454640 25656642 #b4b4b4
03 1 25656720 28503134 #c00000
03 1 28503175 28510203 #b4b4b4
03 1 28510221 28511475 #c00000
03 1 28511509 28511509 #b4b4b4
03 1 28543218 28543994 #c00000
03 1 28544000 29054316 #b4b4b4
03 1 29054455 33586787 #ffc000
03 1 33586980 33810758 #b4b4b4
03 1 33830534 33830534 #1440cd
03 1 33830550 33831010 #b4b4b4
03 1 33831073 33832035 #1440cd
03 1 33832394 33832394 #b4b4b4
03 1 33832412 33833382 #1440cd
03 1 33833412 33834362 #b4b4b4
03 1 33834373 33883360 #1440cd
03 1 33883435 33885647 #b4b4b4
03 1 33899143 33899156 #ffc000
03 1 33902082 33942747 #b4b4b4
03 1 33942768 34102759 #ffc000
03 1 34102836 34117212 #b4b4b4
03 1 34117486 35020413 #ffc000
04 0 1 592472 #1440cd
04 0 592553 692356 #b4b4b4
04 0 692362 692506 #1440cd
04 0 692528 695247 #b4b4b4
04 0 695678 695923 #1440cd
04 0 695961 712984 #b4b4b4
04 0 713073 718249 #c00000
04 0 718285 720949 #b4b4b4
04 0 720958 723631 #1440cd
04 0 723636 723636 #b4b4b4
04 0 725530 829887 #1440cd
04 0 829965 849842 #b4b4b4
04 0 851271 5733227 #1440cd
04 0 5733242 5733477 #b4b4b4
04 0 5733503 5733511 #1440cd
04 0 5733533 5735124 #b4b4b4
04 0 5735134 6003387 #1440cd
04 0 6022026 6023875 #b4b4b4
04 0 6024085 37105743 #1440cd
04 1 1 878769 #b4b4b4
04 1 878847 951156 #c00000
04 1 967936 2369809 #b4b4b4
04 1 2370607 2370618 #1440cd
04 1 2370651 2372398 #b4b4b4
04 1 2474783 2475731 #1440cd
04 1 2475748 2495384 #b4b4b4
04 1 2496276 2555937 #1440cd
04 1 2566730 2566730 #b4b4b4
04 1 2566814 2567751 #1440cd
04 1 2567760 2589070 #b4b4b4
04 1 2591768 3087626 #1440cd
04 1 3088296 3090572 #c00000
04 1 3090584 3090592 #1440cd
04 1 3090596 3094103 #b4b4b4
04 1 3094127 3094130 #1440cd
04 1 3094145 3094325 #b4b4b4
04 1 3094352 4298695 #c00000
04 1 4298740 5155893 #b4b4b4
04 1 5155907 5168762 #c00000
04 1 5168769 5169909 #b4b4b4
04 1 5170105 5265855 #c00000
04 1 5265905 5302140 #b4b4b4
04 1 5302273 5302273 #c00000
04 1 5302341 5308252 #b4b4b4
04 1 5308301 5733227 #c00000
04 1 5733242 5733477 #b4b4b4
04 1 5733503 5733511 #c00000
04 1 5733533 5735124 #b4b4b4
04 1 5735134 6003387 #c00000
04 1 6022026 6023875 #b4b4b4
04 1 6024085 6579483 #c00000
04 1 6579531 6610834 #b4b4b4
04 1 6610849 6610849 #c00000
04 1 6610876 6731057 #b4b4b4
04 1 6731090 6731168 #ffc000
04 1 6731177 6734126 #b4b4b4
04 1 6782895 9305607 #ffc000
04 1 9305708 9804599 #b4b4b4
04 1 9804609 22804272 #ffc000
04 1 22804278 22859219 #b4b4b4
04 1 22859247 22859424 #1440cd
04 1 22859795 22885489 #b4b4b4
04 1 22888519 22889161 #1440cd
04 1 22889292 22889292 #b4b4b4
04 1 22889316 24075567 #1440cd
04 1 24079203 24141420 #b4b4b4
04 1 24141570 24303456 #c00000
04 1 24303465 24342048 #b4b4b4
04 1 24342093 24342146 #c00000
04 1 24342161 24343855 #b4b4b4
04 1 24343867 24344116 #c00000
04 1 24344142 24437773 #b4b4b4
04 1 24437957 24525777 #c00000
04 1 24525804 24746880 #b4b4b4
04 1 24746889 26091979 #c00000
04 1 26091984 26094531 #b4b4b4
04 1 26094556 26094556 #c00000
04 1 26094863 26094863 #b4b4b4
04 1 26094901 26094935 #c00000
04 1 26094940 26440061 #b4b4b4
04 1 26440069 26555187 #1440cd
04 1 26555303 26604284 #b4b4b4
04 1 26604313 26646952 #1440cd
04 1 26647331 27568572 #ffc000
04 1 27568579 27568765 #1440cd
04 1 27574970 27575108 #ffc000
04 1 27575156 27593766 #1440cd
04 1 27593781 27639515 #ffc000
04 1 27641430 27700770 #1440cd
04 1 27700806 27700840 #ffc000
04 1 27700871 27731440 #1440cd
04 1 27731833 27764152 #ffc000
04 1 27764156 27825710 #1440cd
04 1 27825751 27825870 #ffc000
04 1 27825918 27854935 #1440cd
04 1 27855767 27857761 #ffc000
04 1 27891198 27984144 #1440cd
04 1 27984156 28073410 #ffc000
04 1 28073453 28073453 #1440cd
04 1 28073466 28073985 #ffc000
04 1 28074005 28075980 #1440cd
04 1 28075985 33835162 #ffc000
04 1 33835177 33836913 #b4b4b4
04 1 33836927 35767534 #ffc000
04 1 35767625 36316997 #b4b4b4
04 1 36317059 36317059 #c00000
04 1 36318253 36319528 #b4b4b4
04 1 36319806 36335553 #c00000
04 1 36335572 36337054 #b4b4b4
04 1 36337078 37105743 #c00000
05 0 1 41853232 #1440cd
05 1 1 739964 #b4b4b4
05 1 740009 2539837 #c00000
05 1 2539927 2540012 #b4b4b4
05 1 2540026 2540340 #c00000
05 1 2540394 2962904 #b4b4b4
05 1 2962949 8677620 #ffc000
05 1 8677633 8678816 #b4b4b4
05 1 8678846 8679060 #ffc000
05 1 8679191 8833887 #b4b4b4
05 1 8833893 41853232 #ffc000
06 0 1 37593364 #1440cd
06 1 1 8596951 #c00000
06 1 8596983 9566879 #b4b4b4
06 1 9568031 12383662 #ffc000
06 1 12383781 12415602 #b4b4b4
06 1 12418129 12439145 #ffc000
06 1 12439522 12439953 #b4b4b4
06 1 12439959 12442236 #ffc000
06 1 12442255 12442255 #b4b4b4
06 1 12442259 12446807 #ffc000
06 1 12447479 12465666 #b4b4b4
06 1 12465688 12506264 #ffc000
06 1 12506290 12697520 #b4b4b4
06 1 12697760 12697760 #ffc000
06 1 12697847 12698429 #b4b4b4
06 1 12703758 13831879 #ffc000
06 1 13831942 13832029 #b4b4b4
06 1 13832062 13832062 #ffc000
06 1 13841306 13849028 #b4b4b4
06 1 13849055 13852379 #ffc000
06 1 13852433 13897883 #b4b4b4
06 1 13897930 14145990 #ffc000
06 1 14146035 14170960 #b4b4b4
06 1 14171064 29579834 #ffc000
06 1 29579839 29580331 #b4b4b4
06 1 29580405 29581498 #ffc000
06 1 29581552 29680236 #b4b4b4
06 1 29680245 29764825 #ffc000
06 1 29764832 29765158 #b4b4b4
06 1 29765257 29767448 #ffc000
06 1 29768634 29992424 #b4b4b4
06 1 29992900 35639215 #ffc000
06 1 35639908 35641164 #b4b4b4
06 1 35641571 35641571 #ffc000
06 1 35641604 35641604 #b4b4b4
06 1 35641661 37593364 #ffc000
07 0 1 35028021 #1440cd
07 1 1 2837170 #c00000
07 1 2837187 2911706 #b4b4b4
07 1 2911721 2914828 #c00000
07 1 2914879 2914999 #b4b4b4
07 1 2915373 2920597 #c00000
07 1 2920732 2925617 #b4b4b4
07 1 2925764 3003541 #c00000
07 1 3003546 3557511 #b4b4b4
07 1 3557562 3557618 #1440cd
07 1 3557640 3689134 #b4b4b4
07 1 3689614 3689724 #c00000
07 1 3689757 3689757 #b4b4b4
07 1 3689767 3689866 #c00000
07 1 3689893 3709859 #b4b4b4
07 1 3709862 3718569 #1440cd
07 1 3744016 3803413 #c00000
07 1 3808434 3808434 #1440cd
07 1 3808459 3933213 #c00000
07 1 3934784 3935027 #1440cd
07 1 3952092 4784554 #c00000
07 1 4785854 5827767 #b4b4b4
07 1 5827787 5894403 #c00000
07 1 5894418 5923361 #1440cd
07 1 5923816 6815823 #c00000
07 1 6815861 6816327 #b4b4b4
07 1 6816396 8151768 #c00000
07 1 8151888 8226881 #b4b4b4
07 1 8227253 8286362 #1440cd
07 1 8286383 8286383 #b4b4b4
07 1 8286425 8295506 #1440cd
07 1 8295616 8405192 #b4b4b4
07 1 8405634 8412755 #1440cd
07 1 8412848 9978713 #b4b4b4
07 1 9978749 11100117 #c00000
07 1 11100638 11152285 #b4b4b4
07 1 11152321 16000171 #c00000
07 1 16000179 16107487 #b4b4b4
07 1 16107502 23332160 #c00000
07 1 23332545 23691216 #b4b4b4
07 1 23691245 23692192 #c00000
07 1 23692232 27410978 #b4b4b4
07 1 27410987 31840473 #c00000
07 1 31840618 31943796 #1440cd
07 1 31943811 31979535 #b4b4b4
07 1 31979579 31982014 #1440cd
07 1 31982023 31983951 #b4b4b4
07 1 31983963 31984863 #1440cd
07 1 31984923 31985866 #b4b4b4
07 1 31985917 31985917 #1440cd
07 1 31985989 32028332 #b4b4b4
07 1 32028448 32028585 #1440cd
07 1 32028870 32040201 #b4b4b4
07 1 32040272 32096567 #1440cd
07 1 32096606 32114604 #b4b4b4
07 1 32114610 32116415 #1440cd
07 1 32116430 32174379 #b4b4b4
07 1 32174479 32174494 #c00000
07 1 32175112 32194020 #1440cd
07 1 32194048 32194131 #b4b4b4
07 1 32196390 32196414 #1440cd
07 1 32196560 32196770 #c00000
07 1 32196818 32460798 #b4b4b4
07 1 32462130 32462136 #c00000
07 1 32462154 32477207 #b4b4b4
07 1 32477215 33093799 #c00000
07 1 33093853 33093874 #b4b4b4
07 1 33093880 33167741 #c00000
07 1 33168414 33196339 #b4b4b4
07 1 33197379 35028021 #c00000
08 0 1 38993721 #1440cd
08 0 38993751 38994278 #b4b4b4
08 0 38994284 39029541 #1440cd
08 0 39029556 39029638 #b4b4b4
08 0 39029743 39029947 #1440cd
08 0 39029951 39030917 #b4b4b4
08 0 39030920 44889171 #1440cd
08 1 1 1402988 #ffc000
08 1 1403117 1515504 #b4b4b4
08 1 1515588 1522762 #ffc000
08 1 1567735 1568262 #b4b4b4
08 1 1568308 1568323 #ffc000
08 1 1568395 1568443 #b4b4b4
08 1 1568464 1872373 #ffc000
08 1 1872414 1893502 #1440cd
08 1 1894075 1908880 #ffc000
08 1 1908889 1911251 #1440cd
08 1 1911533 2496871 #ffc000
08 1 2496878 2518393 #1440cd
08 1 2518484 2518744 #ffc000
08 1 2518807 2518807 #1440cd
08 1 2518817 2518817 #ffc000
08 1 2518841 2524519 #1440cd
08 1 2524532 2527302 #ffc000
08 1 2527350 2527350 #1440cd
08 1 2527381 2527750 #ffc000
08 1 2529600 2529600 #1440cd
08 1 2529605 2529612 #ffc000
08 1 2529622 2529622 #1440cd
08 1 2529716 3947171 #ffc000
08 1 3947334 3947334 #1440cd
08 1 3947352 3947376 #ffc000
08 1 3947388 4592878 #1440cd
08 1 4592889 4592889 #ffc000
08 1 4592893 4592893 #1440cd
08 1 4594452 4594506 #ffc000
08 1 4594539 4595865 #1440cd
08 1 4595872 4756727 #ffc000
08 1 4756771 4756771 #1440cd
08 1 4756778 4759427 #ffc000
08 1 4760251 5814573 #1440cd
08 1 5814845 5842525 #c00000
08 1 5846217 5846232 #1440cd
08 1 5846247 5850441 #c00000
08 1 5850872 7391304 #1440cd
08 1 7391328 7538772 #c00000
08 1 7538841 8235201 #1440cd
08 1 8235217 8375552 #c00000
08 1 8375572 8375774 #1440cd
08 1 8375836 8458992 #c00000
08 1 8459164 8459164 #1440cd
08 1 8459171 8467779 #c00000
08 1 8467841 8529730 #1440cd
08 1 8529743 8777494 #c00000
08 1 8777500 8777500 #1440cd
08 1 8777508 9444887 #c00000
08 1 9445024 9445024 #1440cd
08 1 9481181 9481181 #c00000
08 1 9481541 9485207 #1440cd
08 1 9485315 9553180 #c00000
08 1 9553339 9608600 #1440cd
08 1 9608614 9887013 #c00000
08 1 9887070 14859904 #1440cd
08 1 14859935 14860070 #c00000
08 1 14860085 14860085 #1440cd
08 1 14860100 14860100 #c00000
08 1 14860299 14863223 #1440cd
08 1 14864406 15494133 #c00000
08 1 15515643 23001881 #1440cd
08 1 23001884 24093806 #b4b4b4
08 1 24093869 24093869 #c00000
08 1 24094340 24421262 #b4b4b4
08 1 24421341 26353101 #c00000
08 1 26353230 26353392 #b4b4b4
08 1 26353428 26353529 #c00000
08 1 26353955 26356842 #b4b4b4
08 1 26365065 26977243 #c00000
08 1 27045296 27045508 #b4b4b4
08 1 27045570 27046094 #c00000
08 1 27046373 27046373 #b4b4b4
08 1 27046388 33836738 #c00000
08 1 33836768 33954658 #1440cd
08 1 33954684 33955477 #c00000
08 1 33955588 33955626 #1440cd
08 1 33955671 33955762 #c00000
08 1 33955784 33955794 #1440cd
08 1 33955813 34076643 #c00000
08 1 34076649 34077790 #1440cd
08 1 34427394 35219165 #c00000
08 1 35222035 35225989 #1440cd
08 1 35226010 35845130 #c00000
08 1 35845143 35897756 #1440cd
08 1 35897779 35897855 #c00000
08 1 35897889 35897942 #1440cd
08 1 35933218 37553170 #c00000
08 1 37553404 37623776 #1440cd
08 1 37623833 37623975 #c00000
08 1 37624012 38960541 #1440cd
08 1 38960555 38993721 #c00000
08 1 38993751 38994278 #b4b4b4
08 1 38994284 39029541 #c00000
08 1 39029556 39029638 #b4b4b4
08 1 39029743 39029947 #1440cd
08 1 39029951 39030917 #b4b4b4
08 1 39030920 39041827 #1440cd
08 1 39041927 39041927 #c00000
08 1 39042075 39042079 #1440cd
08 1 39083777 39083777 #c00000
08 1 39083785 39088836 #1440cd
08 1 39088839 40532063 #c00000
08 1 40532178 40665473 #1440cd
08 1 40665512 40788959 #c00000
08 1 40788965 40789091 #1440cd
08 1 40789114 40853606 #c00000
08 1 40853728 40853976 #1440cd
08 1 40854044 44889171 #c00000
09 0 1 41306725 #1440cd
09 1 1 1773322 #ffc000
09 1 1773341 1773341 #1440cd
09 1 1773490 1775741 #ffc000
09 1 1775753 1797689 #1440cd
09 1 1801765 1802229 #ffc000
09 1 1802244 1805123 #1440cd
09 1 1805155 1805155 #ffc000
09 1 1805167 1807212 #c00000
09 1 1810887 1810923 #b4b4b4
09 1 1810994 2160901 #c00000
09 1 2160907 2160907 #1440cd
09 1 2160937 2174973 #c00000
09 1 2174985 2190533 #1440cd
09 1 2190540 2193207 #c00000
09 1 2193276 2264247 #1440cd
09 1 2264265 2453917 #c00000
09 1 2453943 2910268 #1440cd
09 1 2910272 3089416 #b4b4b4
09 1 3089437 3094035 #1440cd
09 1 3094117 3095466 #c00000
09 1 3095479 3095934 #1440cd
09 1 3096051 3096051 #c00000
09 1 3096063 3096204 #1440cd
09 1 3096213 3096213 #c00000
09 1 3096522 3098757 #1440cd
09 1 3098784 3100640 #c00000
09 1 3100697 3104285 #b4b4b4
09 1 3104292 3104474 #1440cd
09 1 3125355 3125415 #b4b4b4
09 1 3127309 3131512 #1440cd
09 1 3133156 3151789 #c00000
09 1 3184088 3184408 #1440cd
09 1 3184415 3184415 #c00000
09 1 3184496 3184507 #1440cd
09 1 3184585 3184691 #c00000
09 1 3184901 3205858 #1440cd
09 1 3205875 3206490 #c00000
09 1 3206595 3219766 #1440cd
09 1 3219887 3220080 #c00000
09 1 3220300 4181327 #1440cd
09 1 4181379 4183502 #c00000
09 1 4183685 4184441 #1440cd
09 1 4184454 4265461 #c00000
09 1 4265624 4265624 #1440cd
09 1 4265678 4265678 #c00000
09 1 4265705 4294636 #1440cd
09 1 4294664 4295684 #c00000
09 1 4295747 4319057 #1440cd
09 1 4319069 4349284 #c00000
09 1 4349298 4371642 #1440cd
09 1 4371646 5758948 #c00000
09 1 5758983 5760632 #1440cd
09 1 5760636 5899998 #c00000
09 1 5906297 5983330 #1440cd
09 1 5983380 5991476 #c00000
09 1 5991492 6026339 #1440cd
09 1 6026346 8042535 #c00000
09 1 8042568 8043057 #b4b4b4
09 1 8043075 8697953 #1440cd
09 1 8698022 8702819 #c00000
09 1 8703057 8827766 #1440cd
09 1 8827777 19212563 #c00000
09 1 19213665 19455310 #b4b4b4
09 1 19458621 19703366 #c00000
09 1 19703390 21087285 #b4b4b4
09 1 21087324 22511087 #c00000
09 1 22511099 23743927 #b4b4b4
09 1 23747357 35156065 #c00000
09 1 35156068 35156068 #b4b4b4
09 1 35156084 35156155 #c00000
09 1 35157691 35159557 #b4b4b4
09 1 35176067 35176149 #c00000
09 1 35176177 35176379 #b4b4b4
09 1 35176659 35179764 #c00000
09 1 35179775 35179913 #b4b4b4
09 1 35180246 35217822 #c00000
09 1 35217879 35236586 #b4b4b4
09 1 35236652 38627931 #c00000
09 1 38628009 38628009 #b4b4b4
09 1 38628027 38641006 #c00000
09 1 38650569 38701051 #b4b4b4
09 1 38701197 38786959 #c00000
09 1 38786995 38787034 #b4b4b4
09 1 38787361 39047391 #c00000
09 1 39047457 39047808 #b4b4b4
09 1 39047965 39048995 #c00000
09 1 39049112 39061933 #b4b4b4
09 1 39061942 41306725 #c00000
10 0 1 5449985 #1440cd
10 0 5450012 5693944 #b4b4b4
10 0 6204076 7444090 #1440cd
10 0 7444232 7598396 #b4b4b4
10 0 7598443 7598644 #1440cd
10 0 7598674 7598674 #b4b4b4
10 0 7598782 15833581 #1440cd
10 0 15833591 15834644 #b4b4b4
10 0 15834648 15836663 #1440cd
10 0 15836693 15838008 #b4b4b4
10 0 15838105 15854599 #1440cd
10 0 15854636 15856859 #b4b4b4
10 0 15856865 22737090 #1440cd
10 0 22737102 22737145 #b4b4b4
10 0 22743339 22743618 #1440cd
10 0 22743785 22746061 #b4b4b4
10 0 22746067 22746075 #1440cd
10 0 22746189 22769890 #b4b4b4
10 0 22769902 22769902 #1440cd
10 0 22770242 22885586 #b4b4b4
10 0 22885595 22897032 #1440cd
10 0 22897042 22904534 #b4b4b4
10 0 22904544 22904544 #1440cd
10 0 22904681 22931646 #b4b4b4
10 0 22932620 23034859 #1440cd
10 0 23034890 23034932 #b4b4b4
10 0 23035130 23063739 #1440cd
10 0 23063787 23271510 #b4b4b4
10 0 23272474 23272775 #1440cd
10 0 23272805 23274274 #b4b4b4
10 0 23274429 37674811 #1440cd
10 1 1 5449985 #ffc000
10 1 5450012 5693944 #b4b4b4
10 1 6204076 7444090 #1440cd
10 1 7444232 7598396 #b4b4b4
10 1 7598443 7598644 #ffc000
10 1 7598674 7598674 #b4b4b4
10 1 7598782 15833581 #ffc000
10 1 15833591 15834644 #b4b4b4
10 1 15834648 15836663 #ffc000
10 1 15836693 15838008 #b4b4b4
10 1 15838105 15854599 #ffc000
10 1 15854636 15856859 #b4b4b4
10 1 15856865 16476960 #ffc000
10 1 16477022 16901717 #1440cd
10 1 16901762 22736892 #ffc000
10 1 22737030 22737090 #1440cd
10 1 22737102 22737145 #b4b4b4
10 1 22743339 22743618 #1440cd
10 1 22743785 22746061 #b4b4b4
10 1 22746067 22746075 #1440cd
10 1 22746189 22769890 #b4b4b4
10 1 22769902 22769902 #1440cd
10 1 22770242 22885586 #b4b4b4
10 1 22885595 22897032 #1440cd
10 1 22897042 22904534 #b4b4b4
10 1 22904544 22904544 #1440cd
10 1 22904681 22931646 #b4b4b4
10 1 22932620 22985572 #1440cd
10 1 22985588 22985588 #ffc000
10 1 22985600 23034859 #1440cd
10 1 23034890 23034932 #b4b4b4
10 1 23035130 23039143 #ffc000
10 1 23045728 23045728 #1440cd
10 1 23045733 23045947 #ffc000
10 1 23045968 23045968 #1440cd
10 1 23045975 23062443 #ffc000
10 1 23063219 23063248 #1440cd
10 1 23063405 23063739 #ffc000
10 1 23063787 23271510 #b4b4b4
10 1 23272474 23272775 #ffc000
10 1 23272805 23274274 #b4b4b4
10 1 23274429 23441678 #1440cd
10 1 23441720 23570946 #ffc000
10 1 23570998 23570998 #1440cd
10 1 23571084 23571096 #ffc000
10 1 23572792 23573325 #1440cd
10 1 23597776 24260569 #ffc000
10 1 24260601 24263135 #1440cd
10 1 24263294 24263294 #ffc000
10 1 24263305 24265362 #1440cd
10 1 24265496 28407060 #ffc000
10 1 28407096 28407634 #b4b4b4
10 1 28409153 28410619 #ffc000
10 1 28410683 28532508 #b4b4b4
10 1 28532526 28532526 #ffc000
10 1 28532601 28568649 #b4b4b4
10 1 28568841 28568915 #ffc000
10 1 28568943 28655005 #b4b4b4
10 1 28655061 28655061 #ffc000
10 1 28672058 28672684 #b4b4b4
10 1 28672694 28817348 #ffc000
10 1 28817462 28818105 #b4b4b4
10 1 28818252 28880054 #ffc000
10 1 28880094 28881125 #b4b4b4
10 1 28881132 28882182 #ffc000
10 1 28883025 28883045 #b4b4b4
10 1 28883450 28883450 #ffc000
10 1 28883455 28883455 #b4b4b4
10 1 28883465 28886649 #ffc000
10 1 28888030 29023840 #b4b4b4
10 1 29023852 29023880 #ffc000
10 1 29023966 29023990 #b4b4b4
10 1 29023994 33310297 #ffc000
10 1 33310351 34095843 #b4b4b4
10 1 34095861 37674811 #c00000
11 0 1 27954350 #1440cd
11 1 1 5150280 #c00000
11 1 5152548 5154461 #b4b4b4
11 1 5154945 5154945 #c00000
11 1 5154957 5176012 #b4b4b4
11 1 5176023 5321319 #c00000
11 1 5321404 5388880 #b4b4b4
11 1 5388892 5389552 #1440cd
11 1 5389582 5846654 #b4b4b4
11 1 5846839 16691844 #ffc000
11 1 16691940 16691940 #b4b4b4
11 1 16692407 16692407 #ffc000
11 1 16692444 16694258 #b4b4b4
11 1 16694261 16694634 #ffc000
11 1 16694659 18860576 #b4b4b4
11 1 18860582 18866361 #ffc000
11 1 18866370 18866761 #b4b4b4
11 1 18870218 18870250 #ffc000
11 1 18870332 18905495 #b4b4b4
11 1 18907820 23079024 #ffc000
11 1 23080323 23081541 #b4b4b4
11 1 23081553 23085331 #ffc000
11 1 23087018 23142657 #b4b4b4
11 1 23142899 24599986 #ffc000
11 1 24601681 24602784 #1440cd
11 1 24602826 24602826 #ffc000
11 1 24602841 24602888 #1440cd
11 1 24602921 26833526 #ffc000
11 1 26833530 26833530 #b4b4b4
11 1 26833553 26850512 #ffc000
11 1 26850533 26852442 #b4b4b4
11 1 26852455 26859401 #ffc000
11 1 26859415 26873549 #b4b4b4
11 1 26873750 26873750 #ffc000
11 1 26873979 26873979 #b4b4b4
11 1 26873982 26874197 #ffc000
11 1 26874401 26876838 #b4b4b4
11 1 26877072 27954350 #ffc000
