chr	start	end	AA	BB
chr01	20888	548563	0.6415776383366636	0.3792426451922968
chr01	558457	811010	0.6656364180686472	0.33551874320050434
chr01	823679	1271156	0.6822015406693652	0.331699743715416
chr01	1271180	1619700	0.7208047565617071	0.26154995182748736
chr01	1619753	1828424	0.6391201829952865	0.35844099815118685
chr01	1838186	2426011	0.6548892303601364	0.34936524688830295
chr01	2447597	2818829	0.663303665412161	0.3430645371323344
chr01	2818833	3244703	0.671247585461133	0.33583762004131545
chr01	3244751	3732624	0.670927784069662	0.3446200605902119
chr01	3732628	4269595	0.6404653764041339	0.37894211625201707
chr01	4300277	4892547	0.657808623391627	0.368339749351151
chr01	4900577	5588578	0.6971131922221235	0.2969566486531712
chr01	5588599	5966875	0.6796904651888509	0.3241604648326908
chr01	5967200	6351058	0.6427310418269995	0.3575106758753531
chr01	6387642	6834959	0.6646971235760355	0.3296152606212924
chr01	6840051	7288591	0.6482266362618758	0.34227619716944147
chr01	7294304	7976894	0.6642336251595715	0.3413123001240235
chr01	8024192	8326595	0.6535029067219951	0.3411069413119992
chr01	8331208	8811528	0.6649280840790515	0.32475651171889097
chr01	8847690	9327262	0.6559989536183162	0.32922438576050445
chr01	9348971	9801549	0.6844466577341998	0.34259423251063714
chr01	9801565	10059226	0.6728368855459282	0.3573073243226453
chr01	10059236	10318010	0.6854467620355336	0.29421731725871886
chr01	10318041	10875119	0.669834527672071	0.3436513793248822
chr01	10898409	11121892	0.6736215010966274	0.3527627658824043
chr01	11121902	11681985	0.6657189884857554	0.32805269644861323
chr01	11729613	12386363	0.6491822908544297	0.355995506809482
chr01	12402135	12694663	0.6832417961774803	0.3379720414076898
chr01	12695102	13568749	0.6660275626335351	0.3544547174701718
chr01	13640972	14226677	0.6543743931446283	0.33934749681047954
chr01	14226725	14789859	0.6370821872501228	0.3512171927429632
chr01	14882065	16510994	0.6634070763155735	0.3400009182787332
chr01	16511019	18970639	0.681675250518603	0.32576846509011054
chr01	18970663	20312496	0.6615748546554978	0.2813054599435497
chr01	20312525	21238230	0.6637788521349444	0.33478938229879507
chr01	21301183	24013545	0.6849085893170248	0.30525602420382825
chr01	24094259	25813882	0.6805757537464634	0.3086465713669054
chr01	25850956	26563987	0.641190756688707	0.3602126912809864
chr01	26582780	28960403	0.6456227261814935	0.3611260195061169
chr01	28960404	28960423	0.6358783093978034	0.3725949047226847
chr02	1560259	6345560	0.685283134985072	0.35632480469673505
chr02	6345568	9177989	0.6783850571695395	0.3222847103721218
chr02	9289706	9951097	0.6278522957434158	0.34098402957456675
chr02	10061053	12466799	0.6932948601264275	0.302796312793009
chr02	12801349	13769586	0.6763693663822201	0.2958455158650092
chr02	13769724	14554686	0.6792299053563282	0.31343878475264414
chr02	14554743	15278572	0.665252013421037	0.3322174577487265
chr02	15278590	15701147	0.6437248515209358	0.3670786099147122
chr02	15701169	16419286	0.697597548748334	0.305520354418319
chr02	16419338	17019122	0.6737885664795961	0.2978263143480355
chr02	17019183	17474186	0.6878464165259786	0.2930457346761906
chr02	17492970	17862233	0.6751674667975653	0.33071117371656
chr02	17862246	18257717	0.6536155455687568	0.36376909442165656
chr02	18324555	18771498	0.6516419028667965	0.29244168837303536
chr02	18779392	19149817	0.6933102134002089	0.29973015122119445
chr02	19197535	19631991	0.6416140157318649	0.36855896069379485
chr02	19640785	20041579	0.7013793759470398	0.30726543386718624
chr02	20041599	20487004	0.6785356837356206	0.3279676031375446
chr02	20493576	20822757	0.7045703680072413	0.2968837356071316
chr02	20822760	21307913	0.6627893616162385	0.35272088546954966
chr02	21417051	21796598	0.6654341113585951	0.32424586505879466
chr02	21829910	22303538	0.6571572285564357	0.3930060481755031
chr02	22320832	22852878	0.6493756199787969	0.35038514493271855
chr02	22858670	23212471	0.6583489309202725	0.345437908778577
chr02	23212492	23658607	0.6981865212265714	0.3361491076533245
chr02	23658610	24116548	0.667950918970331	0.33102612367231504
chr02	24116612	24618226	0.6588798897130644	0.3458222087678048
chr02	24618237	24991478	0.6835139699144185	0.3292964209370279
chr02	25005046	25567233	0.6495437425124231	0.36441798634227546
chr02	25567239	25867786	0.7106234280610109	0.3127727336216394
chr02	25881867	26155820	0.6903506914437679	0.332204860186778
chr02	26155838	26667821	0.6844640112139513	0.3223456665329439
chr02	26667825	26998250	0.7629465556593262	0.22456473431694307
chr02	26998264	27329953	0.6663802706807338	0.34677007271836363
chr02	27329966	27644033	0.6892699216569719	0.30619707699893317
chr02	27667642	27908115	0.6776312581373237	0.33011443288962716
chr02	27908127	28379407	0.6563219327060008	0.3353055103009839
chr02	28492203	28831351	0.6568427396786491	0.32409361609437237
chr02	28849850	29157215	0.6806813044676576	0.3419510332128203
chr02	29157216	29438438	0.7272062486369474	0.2898295217919062
chr03	108194	509161	0.6719048685097314	0.31062949139688595
chr03	509209	853081	0.6636604286726734	0.31658707761940946
chr03	853085	1140553	0.6532385138426119	0.32034821662673796
chr03	1140580	1470675	0.7164247400333308	0.28406978390656173
chr03	1528651	2067424	0.6726973101170146	0.3316088362756216
chr03	2171194	2627584	0.6611951595455238	0.3635196718034167
chr03	2685748	3056196	0.678175484443007	0.33417993209033203
chr03	3060455	3408829	0.6792091784804497	0.33528595576460657
chr03	3421897	4031561	0.724030962888191	0.2835850001774549
chr03	4078332	4615291	0.670092230523033	0.33167907656609
chr03	4654073	5120941	0.6728450879666471	0.30700598282560976
chr03	5128322	5714496	0.6667855206886035	0.3283417640684184
chr03	5724971	6467450	0.7000115986820166	0.2902363419060126
chr03	6467458	6973851	0.6587235476191542	0.34314533396625024
chr03	7000690	7644526	0.6855562651430545	0.31470980634258616
chr03	7817336	8314316	0.6412366293582077	0.32176352729958985
chr03	8314342	9134003	0.6513052662553463	0.33897833622896384
chr03	9134013	9530139	0.6911853914583915	0.308276093139307
chr03	9585692	9949296	0.6683903770334831	0.340825864944144
chr03	9950658	10933715	0.7021176513143498	0.29793261761254414
chr03	10970661	13115823	0.6780855618648036	0.319046448963404
chr03	13115904	14976133	0.6757294174143496	0.32074129472191354
chr03	14976137	16715258	0.677768344783057	0.3254401511880243
chr03	16805681	17572839	0.6572763454149215	0.3482448918794565
chr03	17572855	18922577	0.671749335411792	0.33321271758910526
chr03	18998256	22584367	0.6421405071103233	0.34802897394759535
chr03	22659437	23485045	0.6046760718881349	0.4137107523695008
chr03	23494219	23780910	0.6583285917332226	0.3465125698709456
chr03	23780922	24568060	0.6669451675730609	0.3264695007009028
chr03	24605066	24803999	0.6452587734917404	0.30985550706072135
chr03	24830312	25288354	0.6981161524632518	0.3057859693830089
chr03	25304802	25900354	0.6537690321405834	0.31852970904716166
chr03	25900385	26217472	0.7103681456141101	0.29793913420741824
chr03	26222322	26633157	0.6749057018726609	0.3170861457349203
chr03	26633201	27381379	0.6965217852396085	0.3212227458704859
chr03	27414917	28042050	0.6955142836971783	0.3276991233437794
chr03	28147866	28603667	0.6703166038997012	0.338893397640367
chr03	28648255	29272164	0.6696236928009364	0.32865979936254686
chr03	29272172	29536136	0.6825499353460376	0.33557040936582133
chr03	29536168	30183203	0.6923732540370551	0.32469256835040833
chr03	30203533	30505129	0.6838142161050771	0.3229831721660243
chr03	30505176	30953069	0.7214134608567293	0.27125358030370916
chr03	30970719	31314954	0.6626201419801097	0.3245976528161644
chr03	31327308	31782757	0.6864576904880546	0.33495973379020644
chr03	31814352	32447634	0.6363631262409712	0.3682738719900385
chr03	32498155	32995522	0.6563316311513606	0.3517639784612283
chr03	32995585	33509960	0.6773613006330351	0.29465169608718206
chr03	33509984	34066395	0.6660481764106253	0.33384643573749306
chr03	34066400	34707160	0.6648928505586165	0.35856611116227577
chr03	34707161	35001189	0.6910899366638903	0.3155640349216475
chr04	40987	433777	1	0.015123345626580074
chr04	446533	1063478	1	0.0
chr04	1063482	1879475	0.9972334458004067	0.0005066441530288494
chr04	1879490	2439240	1	0.0
chr04	2460194	2983042	1	0.000834466303680768
chr04	3075184	3719783	1	0.0011892113685351413
chr04	3730741	4163973	1	0.000433759096786594
chr04	4237807	4792174	1	0.000630730284734038
chr04	4809220	5119953	1	0.05175772579260635
chr04	5119968	5645432	1	0.025572144984617316
chr04	5650214	6106729	0.7050976799551175	0.3035458705649
chr04	6107495	6536577	0.6734710945955413	0.3289167956094219
chr04	6538438	6992017	0.6447993602011886	0.3588803413863963
chr04	7031482	7502692	0.6752432487002628	0.319335600862052
chr04	7502696	8122358	0.7018790793721996	0.30158633829211606
chr04	8123216	8635247	0.5855927871640184	0.3443792273915651
chr04	8646768	9845119	0.6522242889675363	0.35402254336873135
chr04	9845145	10456144	0.6653505544768062	0.336360657536746
chr04	10497894	11204865	0.6947085767703132	0.3254314877648915
chr04	11254094	12025831	0.6830458887456766	0.32335958580039875
chr04	12025839	14829188	0.6732106199827601	0.31873447752722867
chr04	14829245	15314218	0.6702915050530199	0.33410404107837166
chr04	15473264	16508748	0.6977822605186393	0.23036182926977072
chr04	16508759	17424866	0.6818475622776429	0.3274976707051702
chr04	17424899	18586963	0.6754446224481584	0.3272883194893019
chr04	18663252	20029187	0.673473024361049	0.32580155276095174
chr04	20029217	20991816	0.691329839078556	0.31911368328645784
chr04	20991820	22062596	0.6633474224034628	0.338002105461475
chr04	22062634	22861092	0.6746787250087923	0.3350814218996778
chr04	22872652	23175800	0.6753506823100379	0.34035036967536514
chr04	23187653	23624923	0.6852406331879747	0.3174351013666128
chr04	23662095	23941342	0.6681296164629065	0.33978136974174006
chr04	23941361	24688982	0.6621503104728705	0.3503296886641749
chr04	24756848	25668723	0.6404707555970408	0.34866971507161065
chr04	25668737	26286321	0.6636002845052276	0.31179669174397456
chr04	26286349	26689321	0.6864861534967273	0.32813607212992374
chr04	26689399	27416811	0.6648195556778133	0.34075223216909817
chr04	27416821	28009320	0.6671166832477734	0.34288070846693564
chr04	28009340	28481258	0.6606773378676916	0.34221461414046495
chr04	28516796	29498300	0.663222900963565	0.33985551396322683
chr04	29498313	30009337	0.6552051033985012	0.3496024040757957
chr04	30030163	30651480	0.6849256422311385	0.3183842170393673
chr04	30667777	31348016	0.669235380150411	0.34590583491201754
chr04	31352692	31681484	0.6325907965012205	0.3694255015221776
chr04	31690973	32074300	0.6858836464668685	0.3242785640598107
chr04	32131993	32806695	0.6089940587664243	0.31442423809578923
chr04	33099128	33371402	0.6743140044540498	0.3320943290475972
chr04	33371444	33912333	0.6865378569916094	0.28938050528351406
chr04	33927092	34332553	0.6555004228149883	0.31551570506883614
chr04	34332604	34867075	0.6785769454182167	0.32567293384661
chr04	34867100	35306322	0.6881270045318536	0.307162634171598
chr04	35318938	35831572	0.7059750093184222	0.31088895463614724
chr04	35831585	36154447	0.6932168177352813	0.308465415873678
chr04	36206474	36818012	0.6556541237482804	0.3262285020833658
chr04	36818013	37039672	0.64628201672846	0.33491802391431624
chr05	41154	524956	0.6776871367527746	0.3250210078899602
chr05	524974	1122320	0.6825952453324002	0.3126560335255765
chr05	1146899	1993036	0.6743441258752636	0.32767190676026337
chr05	1993062	2375205	0.7654054831284608	0.24147729977149626
chr05	2520464	2916599	0.6615143576724514	0.3508083699041957
chr05	2930253	3588517	0.659084469829513	0.3523145207719205
chr05	3639202	4211658	0.6659469116535905	0.3497116839031859
chr05	4271648	4705854	0.6654863304505036	0.331584576429437
chr05	4705880	5127376	0.6945386312981633	0.3200308307657779
chr05	5127394	5480227	0.6271062914385861	0.3760053171883038
chr05	5533477	5962181	0.6606914355697893	0.3474871092700444
chr05	5962186	6318367	0.657323886186397	0.3454130152615878
chr05	6318374	7198964	0.6981253162344205	0.3229241288098201
chr05	7198975	7495029	0.6813635648297405	0.32581033589155817
chr05	7502649	7857756	0.6755836549438229	0.35396752472018067
chr05	7869906	8187529	0.660306216868282	0.3428243802176309
chr05	8230653	8864272	0.6774961784520428	0.3433910807023036
chr05	8864316	9232554	0.6700809522970637	0.33255956044835744
chr05	9450179	9990902	0.6903398481969257	0.3095510578112245
chr05	10034116	10702991	0.6771973731043652	0.3403034424012367
chr05	10703001	11153557	0.7071753423862798	0.2945936217152928
chr05	11199349	12185726	0.663585229239212	0.29713277579316194
chr05	12185735	16906092	0.6395781473635272	0.3496796659677356
chr05	17295496	18718373	0.6706377349646471	0.33168544321243654
chr05	19014686	19684177	0.668442270267219	0.3388068746409203
chr05	19693400	21093971	0.6742215935324816	0.3265035632174947
chr05	21094007	22126111	0.6268629148000758	0.39508949201739707
chr05	22126163	24101527	0.6683454422063144	0.31825057161798637
chr05	24115778	26005161	0.6397445439266538	0.3056449664391058
chr05	26005173	28252413	0.6711197796971012	0.3396154463286953
chr05	28252459	32115325	0.696375817187946	0.3152131042608383
chr05	32115677	33103687	0.6657587261130282	0.31964557069860644
chr05	33137438	33962243	0.658743381477609	0.31338332614224923
chr05	33975136	34776450	0.6543497361962308	0.35491942261590076
chr05	34784495	35690953	0.6675441711562521	0.3194825895601142
chr05	35698148	36311488	0.6884785509695192	0.32654029867201867
chr05	36311499	36927337	0.6278652955878574	0.372644526730012
chr05	36938519	37232234	0.643382505258991	0.35194913477241485
chr05	37548330	37988159	0.6451831815314221	0.3327833278780601
chr05	38010813	38481304	0.6634496745518464	0.2943084286481114
chr05	38580364	38964472	0.6621259319938547	0.32166082160074916
chr05	38990862	39345463	0.7077675716980688	0.3059498023987728
chr05	39345538	39674899	0.6650929879518578	0.3027133138982462
chr05	39687160	40424460	0.6323077074375977	0.3659369894042366
chr05	40424510	40995599	0.662335260083749	0.3431913317475267
chr05	41038319	41489423	0.6736545687563399	0.3295284702009322
chr05	41489424	41717309	0.6802153621892867	0.3201269811437831
chr06	97902	607681	0.9228150303706254	0.026890012211660715
chr06	634671	1505760	0.9284430599832574	0.04676272342606827
chr06	1505779	2156926	0.9752076614495622	0.0
chr06	2156939	2795636	0.9905554045594509	0.0026402146409684893
chr06	2805038	3319088	1	0.0
chr06	3319644	4060355	0.7772111472297722	0.2124132219721053
chr06	4094167	4480512	0.6751368511869689	0.30485280737282083
chr06	4483245	4878544	0.6621030910312449	0.3457129103400008
chr06	4885178	5306253	0.6370261009031725	0.35264433887955515
chr06	5306273	5794747	0.6633796107316289	0.3235282083105217
chr06	5823968	6330933	0.6687731898709628	0.3390939043167788
chr06	6382575	6850247	0.6806978374233881	0.3311394665588374
chr06	6850253	7173789	0.6821792867307004	0.29803519139292733
chr06	7173801	7715672	0.6912903519649016	0.31803243507980566
chr06	7802729	8001607	0.6902507527832545	0.3219661978307074
chr06	8001623	8480692	0.6649614712538424	0.3483535008371678
chr06	8494351	8843019	0.6842874678546883	0.3309607375269249
chr06	8852528	9394237	0.6877161244805571	0.3228580849111698
chr06	9395808	9893939	0.6888126718520017	0.3414992396996181
chr06	9893966	10394822	0.6849456518680691	0.3275304130084816
chr06	10394857	11038308	0.7063855838347621	0.3180952103038714
chr06	11038335	11587849	0.6636404848987665	0.34471101345614863
chr06	11587873	11896320	0.7054011809588513	0.2968193027329102
chr06	11991555	12622061	0.6960042976765669	0.32963570191964453
chr06	12622071	13980438	0.6746407951584085	0.33386903916598426
chr06	14002795	15269481	0.6597224306762796	0.3500506820972825
chr06	15269502	16076218	0.669641932381659	0.32874064716974566
chr06	16175967	17142611	0.692898413752376	0.32771247695877803
chr06	17147987	19688140	0.639999625559932	0.36644845754397837
chr06	19688208	21349634	0.6599886810876537	0.3377816579731472
chr06	21434154	22495831	0.6626228129036754	0.32853156793722826
chr06	22495857	23325831	0.6801159971318542	0.33346163074958257
chr06	23348364	24876625	0.6667939579120721	0.33890898892911175
chr06	24877967	25934184	0.6683486419435939	0.3346210810015936
chr06	26017211	27088938	0.6680423258398538	0.3358360191638576
chr06	27802314	28921200	0.6806687895082701	0.3306866681390655
chr06	28947448	29563908	0.6876592385973112	0.32017261613193826
chr06	29563911	30188831	0.6898670874131533	0.34071105686948094
chr06	30209365	30660127	0.6619971897163468	0.3432079313553941
chr06	30664883	31279914	0.6843131500911407	0.31797066698287446
chr06	31352945	32026618	0.6613736971067274	0.3509165257170785
chr06	32026646	32571855	0.6893356972411162	0.3077656916782781
chr06	32719934	33677124	0.6760376645664674	0.3324283529946204
chr06	33677166	34339323	0.6617484224926857	0.34575747530488565
chr06	34339329	34640674	0.6724704054598892	0.3291380517542623
chr06	34645844	35405500	0.6483111364105192	0.35695718718412545
chr06	35414056	35927605	0.6816391212818819	0.3171269913879247
chr06	35927615	36203086	0.655354038139492	0.35106028195022426
chr06	36232142	36802839	0.6691077972478948	0.34171917440806604
chr06	36802864	37494061	0.6829263484823791	0.3200478085207897
chr06	37494062	37576547	0.6834538408957894	0.3238988656222026
chr07	64700	653562	0.3416258038919846	0.6456095072015268
chr07	661146	1196067	0.3151912867884909	0.6872175993198038
chr07	1196070	1829949	0.32427958424013464	0.641459701928648
chr07	1847587	2231923	0.41531923495882167	0.5854511414465777
chr07	2231968	2824509	0.3934201121236593	0.5942010680274399
chr07	2824555	3259249	0.33713223401421727	0.6667246513292969
chr07	3259273	3645136	0.345598873348412	0.6673265959720778
chr07	3667372	4230654	0.3370803426345243	0.6916727081844355
chr07	4240004	4551577	0.3269147704248934	0.6828965243047868
chr07	4564108	4892397	0.3449604037349902	0.6800087563372059
chr07	4959274	5420224	0.3370810618382902	0.6743293274663095
chr07	5420257	5757534	0.30806863496712905	0.7209285340648671
chr07	5757566	6376172	0.3584169757520295	0.6845087510136377
chr07	6381632	6913419	0.2989541023018261	0.6896554881480312
chr07	6913443	7215110	0.33014007648124843	0.6940582894297963
chr07	7220741	7773522	0.3815569375773398	0.6894620798463001
chr07	7773582	8267142	0.3028160635642036	0.7263938434825685
chr07	8267191	8647786	0.34902841811014435	0.6700827094033629
chr07	8660962	9208473	0.35582354398277355	0.695675181835456
chr07	9210380	9689556	0.34871486606422536	0.6814203104325885
chr07	9725924	10126057	0.3312940320220288	0.6970189292521753
chr07	10183593	10839523	0.3418451723771079	0.5891819168201109
chr07	10877535	11851427	0.2892929464349315	0.7014637470342009
chr07	11854189	13057590	0.31298585593827194	0.7051929518406932
chr07	13153719	15361927	0.3554766349848372	0.6685375521934334
chr07	15372950	17352921	0.26893226442133084	0.7179402595163695
chr07	17352934	21821646	0.34966238480496903	0.6551728499894152
chr07	21932597	24888857	0.38694458034311846	0.6265072968221029
chr07	24888875	26920269	0.38015647283621357	0.6244381974417293
chr07	26920281	27576919	0.3035902395161557	0.6509331529406824
chr07	27683283	28230370	0.30577824501101497	0.6589151717750946
chr07	28322465	29529965	0.2616451408358439	0.7246274419182925
chr07	29575165	30443934	0.32582303079336233	0.6406730584071895
chr07	30480677	31219472	0.3734758231277932	0.6363116256097755
chr07	31219477	31673168	0.3445406867146554	0.6398009389387782
chr07	31756623	32207173	0.40201560949894516	0.5714158091791058
chr07	32257033	32812144	0.36609189173638523	0.6219169150541755
chr07	32812209	33059577	0.36835807156428874	0.620144317855153
chr07	33085009	33487528	0.34516573432120123	0.6819814581482558
chr07	33507174	33946349	0.3847021101247591	0.619936792751388
chr07	33963480	34318623	0.3476831230490926	0.6644284474227172
chr07	34329483	34823046	0.3458052692138001	0.6262607215964213
chr07	34823047	34869734	0.3470222849751555	0.6241918456986817
chr08	60355	883088	0.6775174179050473	0.3270088767896939
chr08	928379	1400977	0.6859135146771805	0.30608748929682955
chr08	1424042	1652293	0.9045697779195031	0.10138453228885841
chr08	1660985	2000619	1	0.09319573561544463
chr08	2011492	2885131	1	0.0
chr08	2950109	3469794	1	0.00041376726022783076
chr08	3509477	4047255	1	0.00034818722363970486
chr08	4072800	4489920	0.9673521453164124	0.03879492190693037
chr08	4489948	5179751	1	0.00034537246936855513
chr08	5179786	5821975	1	0.0
chr08	5855973	6842742	1	0.00035475152179886176
chr08	6906916	7637210	1	0.000732670916529599
chr08	7686231	8030190	1	0.0
chr08	8038106	8457208	1	0.0
chr08	8560633	9154315	1	0.0
chr08	9154368	9826128	0.8705511336010096	0.12078668191407277
chr08	9826136	10549050	0.6445807838064522	0.3458465241560356
chr08	10549056	11690996	0.6452530636145654	0.36218742992507913
chr08	11850317	14731910	0.6729147780862667	0.3545619391666723
chr08	14733990	15558874	0.7033411938972175	0.3034381848532362
chr08	15564468	17104617	0.6503117966083118	0.35659993636022685
chr08	17104639	19229097	0.6689867585834952	0.3402913282957747
chr08	19229102	22022419	0.685661435442757	0.3244027038365039
chr08	22061089	25111772	0.6871723625165147	0.3229584412856787
chr08	25111775	26955974	0.6704564610628383	0.3319886275032168
chr08	26956859	28432497	0.6579309487977874	0.31981427036331195
chr08	28497811	32162717	0.6715796382345701	0.34217232872073605
chr08	32201785	33198417	0.7039446583907627	0.2874440877898604
chr08	33262819	34507514	0.6711168128004611	0.3276994478457337
chr08	34544336	35009262	0.6587357369557815	0.34291440485952923
chr08	35076872	35677099	0.658303715958827	0.34920918540218165
chr08	35685813	36221592	0.657811163121754	0.35529736131179546
chr08	36221600	36788912	0.6728614658020534	0.3329854142170528
chr08	36813228	37197259	0.6767820021400015	0.3234177569278065
chr08	37228060	37895067	0.6725737362738684	0.3080660229845071
chr08	37961985	38543581	0.6796042242305089	0.32371924693856513
chr08	38562696	39375052	0.6665818725629495	0.3416224839214941
chr08	39375061	39927748	0.6828553159300912	0.33492326991826915
chr08	40000116	40487868	0.6743318355115986	0.32652142346985225
chr08	40500838	41073277	0.6863933561514637	0.3110410529931534
chr08	41166951	41723557	0.6932479327629995	0.3089165347251462
chr08	41748550	42364736	0.6216070264144385	0.3780441736417023
chr08	42364747	42862170	0.6859419802131028	0.3202958699097713
chr08	42934534	43232560	0.6738707401458653	0.32743798484547915
chr08	43250772	43904282	0.6922181285109232	0.32185789407021964
chr08	43917609	44414788	0.7184342009440357	0.2728010839306248
chr08	44414789	44859922	0.6766533442657883	0.2962016531438801
chr09	51113	679088	1	0.0
chr09	679102	883095	1	0.00036533740552452013
chr09	883105	1322001	1	0.0007755681320933214
chr09	1322055	2019208	1	0.0003809740407330142
chr09	2025957	2323041	1	0.0
chr09	2323047	2700692	0.9871385405790373	0.01621105098040091
chr09	2757926	3090259	1	0.0
chr09	3090285	3374736	1	0.0
chr09	3402998	3668119	0.9998613506017563	0.0007423740248484669
chr09	3668166	4030869	1	0.000398380242578631
chr09	4047077	4409946	0.9735552458337865	0.0011112164700971395
chr09	4409961	4868867	0.9401173854360579	0.05567834219844107
chr09	4873520	5297294	0.6569367510223493	0.35857010867942146
chr09	5337617	5873906	0.652197288172424	0.35719987401994907
chr09	5873929	6310143	0.6927859664561419	0.28234470441175447
chr09	6318971	7188058	0.6908043869636254	0.31785077789329497
chr09	7220183	7573093	0.6576208029978081	0.346982571035379
chr09	7582278	8009167	0.6636920615466638	0.3174859869484084
chr09	8051762	8432807	0.5435464108254581	0.4360139173245263
chr09	8447929	8843689	0.6502050552000249	0.36227681959046726
chr09	8848738	9275888	0.6576188382662826	0.34578339400798186
chr09	9280623	9797262	0.6795655342001685	0.31198925527012156
chr09	9806269	10313289	0.6692611299641642	0.3555360803945894
chr09	10352219	10968848	0.6550213926545795	0.35600860490405745
chr09	10995635	11590437	0.6793863987734632	0.3224939006698856
chr09	11621256	12418732	0.7272825792020903	0.2959654126679113
chr09	12437628	13012827	0.6515477179115037	0.36560541716671324
chr09	13134424	15353574	0.6564998681088675	0.34545627858950106
chr09	15418183	18277553	0.6800167777822597	0.30699285187812253
chr09	18277606	19702206	0.6719555455475236	0.32026232663985355
chr09	20093867	24022003	0.6791189314982188	0.3303314427573103
chr09	24084917	26795591	0.661188764495332	0.36479004131828635
chr09	26795624	28459770	0.6805276158113115	0.326335160574184
chr09	28483870	31421224	0.6548082189656387	0.3570054163496033
chr09	31735225	32438308	0.6866537987824569	0.2982925828099142
chr09	32480406	34084999	0.6700958598659419	0.3233382582748327
chr09	34223430	34463431	0.6775876286396906	0.3325201448260944
chr09	34471625	35139188	0.6852386262434802	0.3055352517093625
chr09	35168953	35760163	0.6726618331991417	0.3132955468619429
chr09	35788886	36234139	0.6787268990520853	0.3587554479062375
chr09	36346681	36864173	0.7112513100356871	0.3104581986449237
chr09	36892849	37111462	0.6905891811882555	0.3097531022261589
chr09	37124954	37686402	0.6686701036938115	0.33920779944477136
chr09	37686408	38641384	0.6705004470425521	0.373645589369878
chr09	38651138	39449050	0.7639164734856951	0.21998455124183736
chr09	39449057	39822375	0.994872837182837	0.09979521300555193
chr09	39836643	40345791	1	0.0
chr09	40345816	40775870	1	0.0
chr09	40775871	41302964	1	0.0008439685409341696
chr10	520083	3778325	0.6253776044873404	0.36838262051795684
chr10	4010904	5449730	0.6693787163692414	0.3398127754862713
chr10	5449748	7705496	0.6791367627313629	0.3324770447095731
chr10	7770291	9918767	0.6147339924655552	0.3877309153536574
chr10	9918824	11654559	0.503736216184484	0.5095617994953037
chr10	11666619	13934301	0.6122382625101267	0.40808554096344274
chr10	13957889	14707410	0.6797601904436765	0.3228584083690177
chr10	14707443	15526703	0.6593359400656235	0.34669665277199707
chr10	15547298	16816649	0.6855341745107915	0.3271788707253719
chr10	16816663	17697065	0.6674713879440631	0.335903580306261
chr10	17697070	19338569	0.5954341481534283	0.4226155649358569
chr10	19355510	21601452	0.6533770547592116	0.3473779012055064
chr10	21607761	22752938	0.716289810560475	0.2631158748786503
chr10	22752947	23085358	1	0.0
chr10	23118741	23724869	0.9987112540655154	0.0013366268237106503
chr10	23756747	24492130	1	0.017863167554519412
chr10	24492141	24962530	1	0.0
chr10	25026866	25430785	1	0.0003078981113056167
chr10	25436210	25886014	1	0.0014604371835725454
chr10	25915865	26483567	1	0.0
chr10	26494069	27085713	1	0.0008165909973126637
chr10	27110972	27561547	1	0.00041816971791728234
chr10	27574090	28016077	0.9911621052601813	0.00038371963244558557
chr10	28016093	28305361	0.9716088045087239	0.0
chr10	28330082	28897900	0.9933694920381253	0.0008378404860691833
chr10	28928792	29389425	0.9921532207770303	0.0
chr10	29482033	29756968	0.9793510372857337	0.0
chr10	29764071	30369669	1	0.00046363372935381044
chr10	30381978	30621043	1	0.0
chr10	30648185	31034834	1	0.0007610750759784144
chr10	31049406	31252766	1	0.0
chr10	31253733	31603513	0.9916865824030681	0.0004019969571063664
chr10	31603548	31865606	1	0.000470227023893045
chr10	31869658	32098074	0.9993914840277364	0.0014068905067505372
chr10	32159755	32676710	0.9758880485272253	0.0
chr10	32676719	33406512	0.9945495521504489	0.0003478103936412768
chr10	33406545	34018875	1	0.0
chr10	34034067	34499616	0.9738000247850792	0.019498382320204347
chr10	34499670	34880955	1	0.0
chr10	34966419	35382702	1	0.01449227114807071
chr10	35389481	35614851	1	0.0
chr10	35651806	36162920	1	0.00102455192322342
chr10	36162924	36872392	0.9998124186053716	0.0007595832496632684
chr10	36872395	37498735	0.9973006462393994	0.0
chr10	37498736	37665347	0.9663730215694889	0.0
chr11	182113	662330	0.6830997554166666	0.3260710352516327
chr11	662355	1361351	0.673930136711764	0.3402994633070388
chr11	1361366	1753097	0.666842702496681	0.2942632257194717
chr11	1753130	2450439	0.6629088717993201	0.31538935637021775
chr11	2498910	3472433	0.6837975192235881	0.3161882226287477
chr11	3478695	4191510	0.6863996747124368	0.3121138304884244
chr11	4191571	5133902	0.6425474028843372	0.3624630143443754
chr11	5180346	5712644	0.6330378643574456	0.3753323742147946
chr11	5748693	6291617	0.7039452534094243	0.28726085532471807
chr11	6313094	7052722	0.6784313791778274	0.3111617639997272
chr11	7120407	8658473	0.6552362206185518	0.3267825639795265
chr11	8658516	9397621	0.6505709436592201	0.3368936520765975
chr11	9430469	10009966	0.6402994818023187	0.3634983843222587
chr11	10150196	12584174	0.6430246718357935	0.3543227087565442
chr11	12686366	15833108	0.6900073945682845	0.2803662669416739
chr11	15834107	16409005	0.6823248434663617	0.28674080767073484
chr11	16409024	17379847	0.7057238339505381	0.27951592090217836
chr11	17433439	18755127	0.7064714014197968	0.2575668152882876
chr11	18774778	19698210	0.704453630584657	0.3051254776877535
chr11	20207378	20629737	0.6821695646071457	0.3264941196183178
chr11	20629781	20960306	0.6842740523806748	0.3179439231415089
chr11	20960312	21530068	0.6438024197075645	0.3512883711049661
chr11	21548521	22020241	0.6854673841342884	0.30687463740183457
chr11	22030179	22582321	0.6634239549753199	0.315507715084398
chr11	22582337	23142707	0.6632915161844821	0.3412873551687942
chr11	23142712	23785559	0.6948872309121384	0.31555874991504435
chr11	23839091	24568513	0.6751676086817147	0.3304465815653791
chr11	24568522	24991761	0.6585993666964995	0.3325469727100272
chr11	24991802	25506691	0.6759412563388347	0.33502399219777257
chr11	25506731	25978193	0.6626286553586314	0.33337353851582463
chr11	26050829	26452248	0.6781317033380388	0.3189798805098914
chr11	26488262	27007114	0.6362313177333205	0.36482230368190294
chr11	27026933	27336576	0.6775278327077744	0.3451011376610119
chr11	27373249	27810159	0.6754565588040691	0.30391458088186646
chr11	27810160	27913438	0.6571867180744776	0.3221229138062931
