01 0 1 1000000 C
01 0 1500001 1800000 C
01 0 2300001 2500000 C
01 0 2600001 3500000 C
01 0 3800001 5300000 C
01 0 6500001 23000000 C
01 0 23100001 23700000 C
01 0 24200001 26900000 C
01 0 27300001 28800000 C
01 1 1 1000000 C
01 1 1500001 1800000 C
01 1 2300001 2500000 C
01 1 2600001 3500000 C
01 1 3800001 5300000 C
01 1 6500001 23000000 C
01 1 23100001 23700000 C
01 1 24200001 26900000 C
01 1 27300001 28800000 C
01 2 1 1000000 Mic
01 2 1500001 1800000 Mic
01 2 2300001 2500000 Mic
01 2 2600001 3500000 Mic
01 2 3800001 5300000 Mic
01 2 6500001 23000000 Mic
01 2 23100001 23700000 Mic
01 2 24200001 26900000 Mic
01 2 27300001 28800000 Mic
02 0 1 900000 C
02 0 2700001 6700000 C
02 0 7000001 9600000 C
02 0 9900001 10500000 C
02 0 10800001 12100000 C
02 0 12600001 16300000 C
02 0 17400001 21800000 C
02 0 22000001 22200000 C
02 0 22300001 23100000 C
02 0 23200001 24000000 C
02 0 24600001 26100000 C
02 0 26300001 29100000 C
02 0 29200001 29500000 C
02 0 29900001 32100000 C
02 0 32300001 32800000 C
02 0 33000001 33500000 C
02 0 33600001 33700000 C
02 0 33800001 33900000 C
02 0 34200001 34900000 C
02 0 35200001 36300000 C
02 1 1 900000 C
02 1 2700001 6700000 C
02 1 7000001 9600000 C
02 1 9900001 10500000 C
02 1 10800001 12100000 C
02 1 12600001 16300000 C
02 1 17400001 21800000 C
02 1 22000001 22200000 C
02 1 22300001 23100000 C
02 1 23200001 24000000 C
02 1 24600001 26100000 C
02 1 26300001 29100000 C
02 1 29200001 29500000 C
02 1 29900001 32100000 C
02 1 32300001 32800000 C
02 1 33000001 33500000 C
02 1 33600001 33700000 C
02 1 33800001 33900000 C
02 1 34200001 34900000 C
02 1 35200001 36300000 C
02 2 1 900000 Mic
02 2 2700001 6700000 Mic
02 2 7000001 9600000 Mic
02 2 9900001 10500000 Mic
02 2 10800001 12100000 Mic
02 2 12600001 16300000 Mic
02 2 17400001 21800000 Mic
02 2 22000001 22200000 Mic
02 2 22300001 23100000 Mic
02 2 23200001 24000000 Mic
02 2 24600001 26100000 Mic
02 2 26300001 29100000 Mic
02 2 29200001 29500000 Mic
02 2 29900001 32100000 Mic
02 2 32300001 32800000 Mic
02 2 33000001 33500000 Mic
02 2 33600001 33700000 Mic
02 2 33800001 33900000 Mic
02 2 34200001 34900000 Mic
02 2 35200001 36300000 Mic
03 0 1 500000 C
03 0 600001 800000 C
03 0 1300001 1500000 C
03 0 1700001 3600000 C
03 0 3700001 4900000 C
03 0 5000001 5800000 C
03 0 6100001 9800000 C
03 0 10100001 12500000 C
03 0 13500001 21000000 C
03 0 23100001 24800000 C
03 0 27200001 33000000 C
03 0 33300001 43100000 C
03 0 43200001 45700000 C
03 0 45900001 46700000 C
03 0 46800001 50400000 C
03 0 50600001 50900000 C
03 1 1 500000 C
03 1 600001 800000 C
03 1 1300001 1500000 C
03 1 1700001 3600000 C
03 1 3700001 4900000 C
03 1 5000001 5800000 C
03 1 6100001 9800000 C
03 1 10100001 12500000 C
03 1 13500001 21000000 C
03 1 23100001 24800000 C
03 1 27200001 33000000 C
03 1 33300001 43100000 C
03 1 43200001 45700000 C
03 1 45900001 46700000 C
03 1 46800001 50400000 C
03 1 50600001 50900000 C
03 2 1 500000 Mic
03 2 600001 800000 Mic
03 2 1300001 1500000 Mic
03 2 1700001 3600000 Mic
03 2 3700001 4900000 Mic
03 2 5000001 5800000 Mic
03 2 6100001 9800000 Mic
03 2 10100001 12500000 Mic
03 2 13500001 21000000 Mic
03 2 23100001 24800000 Mic
03 2 27200001 33000000 Mic
03 2 33300001 43100000 Mic
03 2 43200001 45700000 Mic
03 2 45900001 46700000 Mic
03 2 46800001 50400000 Mic
03 2 50600001 50900000 Mic
04 0 1 2400000 C
04 0 2700001 3400000 C
04 0 5600001 8000000 C
04 0 10600001 14800000 C
04 0 15100001 20400000 C
04 0 20500001 23400000 C
04 0 23600001 24000000 C
04 0 24500001 25200000 C
04 0 25400001 25500000 C
04 1 1 2400000 C
04 1 2700001 3400000 C
04 1 5600001 8000000 C
04 1 10600001 14800000 C
04 1 15100001 20400000 C
04 1 20500001 23400000 C
04 1 23600001 24000000 C
04 1 24500001 25200000 C
04 1 25400001 25500000 C
04 2 1 2400000 Mic
04 2 2700001 3400000 Mic
04 2 5600001 8000000 Mic
04 2 10600001 14800000 Mic
04 2 15100001 20400000 Mic
04 2 20500001 23400000 Mic
04 2 23600001 24000000 Mic
04 2 24500001 25200000 Mic
04 2 25400001 25500000 Mic
05 0 1 3000000 C
05 0 3300001 12800000 C
05 0 15000001 22600000 C
05 0 24200001 24600000 C
05 0 25800001 27200000 C
05 0 29500001 34300000 C
05 0 34500001 34600000 C
05 0 34700001 39300000 C
05 0 39800001 41600000 C
05 0 41800001 43200000 C
05 1 1 3000000 C
05 1 3300001 12800000 C
05 1 15000001 22600000 C
05 1 24200001 24600000 C
05 1 25800001 27200000 C
05 1 29500001 34300000 C
05 1 34500001 34600000 C
05 1 34700001 39300000 C
05 1 39800001 41600000 C
05 1 41800001 43200000 C
05 2 1 3000000 Mic
05 2 3300001 12800000 Mic
05 2 15000001 22600000 Mic
05 2 24200001 24600000 Mic
05 2 25800001 27200000 Mic
05 2 29500001 34300000 Mic
05 2 34500001 34600000 Mic
05 2 34700001 39300000 Mic
05 2 39800001 41600000 Mic
05 2 41800001 43200000 Mic
06 0 1 3100000 C
06 0 3900001 16900000 C
06 0 17100001 17900000 C
06 0 18100001 20300000 C
06 0 20500001 21500000 C
06 0 21800001 22000000 C
06 0 22400001 25300000 C
06 1 1 3100000 C
06 1 3900001 16900000 C
06 1 17100001 17900000 C
06 1 18100001 20300000 C
06 1 20500001 21500000 C
06 1 21800001 22000000 C
06 1 22400001 25300000 C
06 2 1 3100000 Mic
06 2 3900001 16900000 Mic
06 2 17100001 17900000 Mic
06 2 18100001 20300000 Mic
06 2 20500001 21500000 Mic
06 2 21800001 22000000 Mic
06 2 22400001 25300000 Mic
07 0 1 400000 C
07 0 500001 2100000 C
07 0 2300001 5600000 C
07 0 5700001 7800000 C
07 0 8200001 10500000 C
07 0 11300001 13400000 C
07 0 13900001 14900000 C
07 0 16200001 21000000 C
07 1 1 400000 C
07 1 500001 2100000 C
07 1 2300001 5600000 C
07 1 5700001 7800000 C
07 1 8200001 10500000 C
07 1 11300001 13400000 C
07 1 13900001 14900000 C
07 1 16200001 21000000 C
07 2 1 400000 Mic
07 2 500001 2100000 Mic
07 2 2300001 5600000 Mic
07 2 5700001 7800000 Mic
07 2 8200001 10500000 Mic
07 2 11300001 13400000 Mic
07 2 13900001 14900000 Mic
07 2 16200001 21000000 Mic
08 0 200001 5500000 C
08 0 5700001 6900000 C
08 0 7000001 8800000 C
08 0 9800001 18800000 C
08 0 19000001 21800000 C
08 0 21900001 24300000 C
08 0 24900001 25000000 C
08 1 200001 5500000 C
08 1 5700001 6900000 C
08 1 7000001 8800000 C
08 1 9800001 18800000 C
08 1 19000001 21800000 C
08 1 21900001 24300000 C
08 1 24900001 25000000 C
08 2 200001 5500000 Mic
08 2 5700001 6900000 Mic
08 2 7000001 8800000 Mic
08 2 9800001 18800000 Mic
08 2 19000001 21800000 Mic
08 2 21900001 24300000 Mic
08 2 24900001 25000000 Mic
09 0 1 2000000 C
09 0 2100001 2500000 C
09 0 3000001 4600000 C
09 0 5600001 7200000 C
09 0 7500001 27600000 C
09 0 27800001 31200000 C
09 1 1 2000000 C
09 1 2100001 2500000 C
09 1 3000001 4600000 C
09 1 5600001 7200000 C
09 1 7500001 27600000 C
09 1 27800001 31200000 C
09 2 1 2000000 Mic
09 2 2100001 2500000 Mic
09 2 3000001 4600000 Mic
09 2 5600001 7200000 Mic
09 2 7500001 27600000 Mic
09 2 27800001 31200000 Mic
