01 0 1 28800000 M
01 1 1 28800000 M
02 0 1 29100000 M
02 0 32700001 33300000 M
02 0 33500001 34100000 M
02 1 1 29100000 M
02 1 32700001 33300000 M
02 1 33500001 34100000 M
03 0 1 3700000 M
03 0 3900001 43100000 M
03 0 43200001 51000000 M
03 1 1 3700000 M
03 1 3900001 43100000 M
03 1 43200001 51000000 M
04 0 1 25588944 M
04 1 1 25588944 M
05 0 1 43289288 M
05 1 1 43289288 M
06 0 1 18500000 M
06 1 1 18500000 M
07 0 1 21079565 M
07 1 1 21079565 M
08 0 1 25000000 M
08 1 1 25000000 M
09 0 1 5000000 M
09 0 9500001 14700000 M
09 0 28200001 29600000 M
09 0 30500001 31000000 M
09 1 1 5000000 M
09 1 9500001 14700000 M
09 1 28200001 29600000 M
09 1 30500001 31000000 M
