01 0 1 4500000 C
01 0 4900001 5300000 C
01 0 6500001 18600000 C
01 0 18900001 23000000 C
01 0 23100001 27300000 C
01 0 27900001 28800000 C
01 1 1 4500000 M
01 1 4900001 5300000 C
01 1 6500001 18600000 C
01 1 18900001 23000000 C
01 1 23100001 25800000 C
01 1 25800001 27300000 M
01 1 27900001 28800000 Mic
01 2 1 4500000 Mic
01 2 4900001 5300000 Mic
01 2 6500001 18600000 Mic
01 2 18900001 23000000 Mic
01 2 23100001 27300000 Mic
01 2 27900001 28800000 P
02 0 1 600000 C
02 0 4200001 10500000 C
02 0 10800001 12500000 C
02 0 13400001 22200000 C
02 0 22300001 28300000 C
02 0 34000001 34100000 C
02 1 1 600000 C
02 1 4200001 10500000 C
02 1 10800001 12500000 C
02 1 13400001 22200000 C
02 1 22300001 28300000 C
02 1 34000001 34100000 M
02 2 1 600000 Mic
02 2 4200001 10500000 Mic
02 2 10800001 12500000 Mic
02 2 13400001 22200000 Mic
02 2 22300001 28300000 Mic
02 2 34000001 34100000 Mic
03 0 1 2500000 C
03 0 2700001 5600000 C
03 0 5800001 6700000 C
03 0 6900001 7100000 C
03 0 7600001 33000000 C
03 0 33300001 34300000 C
03 0 36800001 37500000 C
03 0 37700001 43100000 C
03 0 43200001 49500000 C
03 0 49600001 50900000 C
03 1 1 2500000 Mic
03 1 2700001 5600000 C
03 1 5800001 6700000 Mic
03 1 6900001 7100000 C
03 1 7600001 33000000 Mic
03 1 33300001 34300000 Mic
03 1 36800001 37500000 M
03 1 37700001 43100000 M
03 1 43200001 46800000 M
03 1 46800001 49500000 C
03 1 49600001 50900000 C
03 2 1 2500000 Mic
03 2 2700001 5600000 Mic
03 2 5800001 6700000 Mic
03 2 6900001 7100000 Mic
03 2 7600001 33000000 P
03 2 33300001 34300000 P
03 2 36800001 37500000 Mic
03 2 37700001 43100000 Mic
03 2 43200001 46800000 Mic
03 2 46800001 49500000 M
03 2 49600001 50900000 Mic
04 0 1 1000000 C
04 0 1400001 3900000 C
04 0 5600001 20400000 C
04 0 20500001 20800000 C
04 0 21000001 25500000 C
04 1 1 1000000 Mic
04 1 1400001 3900000 Mic
04 1 5600001 20400000 Mic
04 1 20500001 20800000 Mic
04 1 21000001 21700000 Mic
04 1 21700001 25500000 M
04 2 1 1000000 P
04 2 1400001 3900000 P
04 2 5600001 20400000 P
04 2 20500001 20800000 P
04 2 21000001 21700000 P
04 2 21700001 25500000 Mic
05 0 1 200000 C
05 0 500001 8600000 C
05 0 13600001 17100000 C
05 0 19100001 24600000 C
05 0 25800001 29500000 C
05 0 30600001 35600000 Mic
05 0 35600001 38800000 C
05 0 38900001 40100000 C
05 0 41000001 41600000 C
05 0 41800001 42200000 C
05 0 42300001 43200000 C
05 1 1 200000 C
05 1 500001 8600000 C
05 1 13600001 17100000 Mic
05 1 19100001 24600000 C
05 1 25800001 29500000 C
05 1 30600001 36900000 Mic
05 1 36900001 38800000 C
05 1 38900001 40100000 Mic
05 1 41000001 41600000 C
05 1 41800001 42200000 C
05 1 42300001 43200000 Mic
05 2 1 200000 Mic
05 2 500001 8600000 Mic
05 2 13600001 17100000 P
05 2 19100001 24600000 Mic
05 2 25800001 29500000 Mic
05 2 30600001 36900000 P
05 2 36900001 38800000 Mic
05 2 38900001 40100000 Mic
05 2 41000001 41600000 C
05 2 41800001 42200000 Mic
05 2 42300001 43200000 Mic
06 0 1 2100000 C
06 0 3400001 17100000 C
06 0 17400001 18500000 C
06 0 18800001 20300000 C
06 0 20500001 25100000 C
06 0 25200001 25300000 C
06 1 1 2100000 M
06 1 3400001 17100000 M
06 1 17400001 18500000 M
06 1 18800001 20300000 Mic
06 1 20500001 25100000 Mic
06 1 25200001 25300000 Mic
06 2 1 2100000 Mic
06 2 3400001 17100000 Mic
06 2 17400001 18500000 Mic
06 2 18800001 20300000 P
06 2 20500001 25100000 P
06 2 25200001 25300000 P
07 0 1 1000000 C
07 0 1700001 3600000 C
07 0 3800001 15100000 C
07 0 16000001 20500000 C
07 1 1 1000000 M
07 1 1700001 3600000 M
07 1 3800001 15100000 M
07 1 16000001 20500000 Mic
07 2 1 1000000 Mic
07 2 1700001 3600000 Mic
07 2 3800001 15100000 Mic
07 2 16000001 20500000 P
08 0 1 6900000 C
08 0 7000001 16500000 C
08 0 17000001 18800000 C
08 0 19000001 21400000 C
08 0 21600001 22200000 C
08 0 23500001 24300000 C
08 0 24700001 25000000 C
08 1 1 6900000 C
08 1 7000001 16500000 C
08 1 17000001 18800000 C
08 1 19000001 21400000 C
08 1 21600001 22200000 C
08 1 23500001 24300000 Mic
08 1 24700001 24900000 Mic
08 1 24900001 25000000 C
08 2 1 6900000 Mic
08 2 7000001 16500000 Mic
08 2 17000001 18800000 Mic
08 2 19000001 21400000 Mic
08 2 21600001 22200000 Mic
08 2 23500001 24300000 P
08 2 24700001 25000000 Mic
09 0 1 1400000 C
09 0 1500001 2000000 C
09 0 2100001 3500000 C
09 0 3700001 7200000 C
09 0 7500001 10400000 C
09 0 12000001 14300000 C
09 0 14500001 31000000 C
09 1 1 1400000 M
09 1 1500001 2000000 M
09 1 2100001 3500000 M
09 1 3700001 7200000 M
09 1 7500001 10400000 M
09 1 12000001 14300000 C
09 1 14500001 31000000 M
09 2 1 1400000 Mic
09 2 1500001 2000000 Mic
09 2 2100001 3500000 Mic
09 2 3700001 7200000 Mic
09 2 7500001 10400000 Mic
09 2 12000001 14300000 Mic
09 2 14500001 31000000 Mic
