01 0 1 6995308 g4
01 0 6995330 7024231 g7
01 0 7024306 7118669 g4
01 0 7118854 7118854 g7
01 0 7118915 7145096 g4
01 0 7145167 7157550 g7
01 0 7157602 11599000 g4
01 0 11599024 11600105 g6
01 0 11600261 11600261 g4
01 0 11600266 11602452 g6
01 0 11603463 11603463 g4
01 0 11603470 11880025 g6
01 0 11880139 11924861 g7
01 0 11924906 29070452 g4
01 1 1 6403419 g4
01 1 6403445 6557979 g7
01 1 6558100 6568167 g3
01 1 6568195 6585671 g7
01 1 6585688 6749874 g3
01 1 6750122 6865194 g7
01 1 6866523 6869630 g3
01 1 6869633 6870148 g7
01 1 6870173 6870307 g3
01 1 6870317 7871689 g7
01 1 7871713 12795243 g3
01 1 12795429 12835445 g7
01 1 12835489 12865721 g3
01 1 12865830 12911952 g7
01 1 12911983 29070452 g3
02 0 1 29511734 g4
02 1 1 13785748 g7
02 1 13785899 13787729 g4
02 1 13787741 13787741 g7
02 1 13787997 16201887 g4
02 1 16201912 16498075 g7
02 1 16498087 18659303 g3
02 1 18659309 18696575 g7
02 1 18697387 18697463 g3
02 1 18697735 18780844 g7
02 1 18781023 18796912 g3
02 1 18796936 18827895 g7
02 1 18827898 18828796 g3
02 1 18828934 18829151 g7
02 1 18829221 18830645 g3
02 1 18830650 18830657 g7
02 1 18830661 18838163 g3
02 1 18838240 18861359 g7
02 1 18863440 18863440 g3
02 1 18863506 18863742 g7
02 1 18863769 18866215 g3
02 1 18866223 18866254 g7
02 1 18866262 18866262 g3
02 1 18866270 19857980 g7
02 1 19857998 20455585 g3
02 1 20455606 20458806 g7
02 1 20458824 20459034 g3
02 1 20459048 20484471 g7
02 1 20484590 20487192 g3
02 1 20487225 20487287 g7
02 1 20487323 20503357 g3
02 1 20503366 20589810 g7
02 1 20589885 20590677 g3
02 1 20590758 20591702 g7
02 1 20591726 21091430 g3
02 1 21091448 21091577 g7
02 1 21097093 21097150 g3
02 1 21097221 21182449 g7
02 1 21182497 21182787 g3
02 1 21182807 21216579 g7
02 1 21216664 21497052 g3
02 1 21497065 21510560 g7
02 1 21510566 21786621 g3
02 1 21786662 21788048 g7
02 1 21788051 21835662 g3
02 1 21835676 22633920 g7
02 1 22634064 22678392 g3
02 1 22678422 22684176 g7
02 1 22684490 22684490 g3
02 1 22684596 22814315 g7
02 1 22814382 23187282 g3
02 1 23192300 23192475 g7
02 1 23192499 23192557 g3
02 1 23192674 23282994 g7
02 1 23283006 23283055 g3
02 1 23283059 23283428 g7
02 1 23315926 23813630 g3
02 1 23813665 23813665 g7
02 1 23813686 23813749 g3
02 1 23813911 23828874 g7
02 1 23828906 23829043 g3
02 1 23829051 23836524 g7
02 1 23836556 24047527 g3
02 1 24047569 24168569 g7
02 1 24169390 25249445 g4
02 1 25249479 25929393 g7
02 1 25931878 25932333 g5
02 1 25932480 25985288 g7
02 1 25985315 25986420 g5
02 1 25986579 25987341 g7
02 1 25987462 27114882 g5
02 1 27115075 28167206 g7
02 1 28167233 28225038 g5
02 1 28225044 28255534 g7
02 1 28256820 28272600 g5
02 1 28273450 28293764 g7
02 1 28293792 28341798 g5
02 1 28341879 29511734 g7
03 0 1 25196823 g4
03 0 25198261 25198261 g7
03 0 25214318 25217432 g4
03 0 25217480 25229448 g7
03 0 25229775 33428984 g4
03 0 33428995 33516658 g7
03 0 33516839 33542997 g6
03 0 33543014 33552579 g7
03 0 33552633 33552633 g6
03 0 33552687 33587033 g7
03 0 33587053 33634260 g6
03 0 33634265 33656295 g7
03 0 33656316 33658041 g6
03 0 33658158 33658158 g7
03 0 33658167 33753156 g6
03 0 33753162 33792045 g7
03 0 33792088 35020413 g6
03 1 1 2969751 g4
03 1 2996421 3251341 g7
03 1 3251421 3283753 g4
03 1 3283894 28399421 g7
03 1 28399565 28399619 g4
03 1 28399777 28469445 g7
03 1 28469868 28482797 g4
03 1 28483182 28484209 g7
03 1 28484215 30712988 g4
03 1 30713012 31003976 g7
03 1 31004007 31062806 g3
03 1 31062818 31064293 g7
03 1 31066088 34400326 g3
03 1 34400425 34462053 g7
03 1 34462130 34462187 g3
03 1 34462236 35020413 g7
04 0 1 11646406 g4
04 0 11646437 15604205 g7
04 0 15604210 15610043 g4
04 0 15785674 15907705 g7
04 0 15907729 15907783 g4
04 0 15907938 17174673 g7
04 0 17174676 17230762 g4
04 0 17230793 17264234 g7
04 0 17277498 22152118 g4
04 0 22152202 22164587 g7
04 0 22165267 31104653 g4
04 0 31104671 31118029 g5
04 0 31118090 31126418 g4
04 0 31126475 31154688 g5
04 0 31154735 31154800 g4
04 0 31154858 31155609 g7
04 0 31158655 31158778 g5
04 0 31158807 31158807 g7
04 0 31158817 31912058 g5
04 0 31912061 31912109 g7
04 0 31912250 31976516 g5
04 0 31976570 31977651 g7
04 0 32003983 32205345 g5
04 0 32205388 35325819 g7
04 0 35326074 35339305 g5
04 0 35339434 35339434 g7
04 0 35339467 35339467 g5
04 0 35341163 35375921 g7
04 0 35378177 35411465 g5
04 0 35411487 35431465 g7
04 0 35431520 35514334 g5
04 0 35514341 35514360 g7
04 0 35514373 35535135 g5
04 0 35535189 35535411 g7
04 0 35535468 35535468 g5
04 0 35535492 35536164 g7
04 0 35536197 35536197 g5
04 0 35536203 35536515 g7
04 0 35536586 35540046 g5
04 0 35540052 35540588 g7
04 0 35540609 35540821 g5
04 0 35541458 35573900 g7
04 0 35573950 35671363 g5
04 0 35671390 35767689 g7
04 0 35768862 35779218 g5
04 0 35779254 35779742 g7
04 0 35779862 35779952 g5
04 0 35783990 35783993 g7
04 0 35784039 35784039 g5
04 0 35806082 35837670 g7
04 0 35837684 35924521 g5
04 0 35933857 37105743 g7
04 1 1 546651 g7
04 1 546871 566881 g5
04 1 566887 1094197 g7
04 1 1094206 1094950 g5
04 1 1095027 1199359 g7
04 1 1199365 1199365 g4
04 1 1199401 1451970 g7
04 1 1452097 1455119 g5
04 1 1455130 1664754 g7
04 1 1664769 1668925 g5
04 1 1669155 1669155 g7
04 1 1669185 1669335 g5
04 1 1669344 3306707 g7
04 1 3306738 3306832 g3
04 1 3306854 3306863 g7
04 1 3320445 3990194 g3
04 1 3991005 5024027 g7
04 1 5024053 5024157 g3
04 1 5024282 5043734 g7
04 1 5043746 5043976 g3
04 1 5044032 5075286 g7
04 1 5087598 5115128 g3
04 1 5115277 5328683 g7
04 1 5328692 7882263 g3
04 1 7882397 7928923 g7
04 1 7932495 7967304 g3
04 1 7967322 8062009 g7
04 1 8062114 9888422 g3
04 1 9888430 9914881 g7
04 1 9914887 9944578 g3
04 1 9953264 10202247 g7
04 1 10210653 10223013 g3
04 1 10223025 10537881 g7
04 1 10537938 10827732 g3
04 1 10827801 10827801 g7
04 1 10827807 15181509 g3
04 1 15181516 15181516 g7
04 1 15181520 15237503 g3
04 1 15237534 15467013 g7
04 1 15471311 15604305 g3
04 1 15604386 17251560 g7
04 1 17251571 17429645 g3
04 1 17429699 17429699 g7
04 1 17431322 18504581 g3
04 1 18504618 20128558 g7
04 1 20151522 20151634 g6
04 1 20151652 20151964 g7
04 1 20152001 20223870 g6
04 1 20223883 20225319 g7
04 1 20225383 20225383 g6
04 1 20225593 20302227 g7
04 1 20302269 22219754 g6
04 1 22219793 23076957 g7
04 1 23076972 25818212 g4
04 1 25818248 28821070 g7
04 1 28821663 28822598 g4
04 1 28822637 30141841 g7
04 1 30141993 30143443 g6
04 1 30143514 30159938 g7
04 1 30159950 31217513 g6
04 1 31217632 37105743 g4
05 0 1 2795132 g6
05 0 2795138 2838884 g7
05 0 2838893 2838893 g6
05 0 2840542 3413992 g7
05 0 3413997 41853232 g4
05 1 1 3424235 g5
05 1 3424257 3742103 g7
05 1 3742106 3742106 g4
05 1 3742178 3744883 g7
05 1 3744916 6274647 g4
05 1 6274666 6274690 g7
05 1 6274818 6413727 g4
05 1 6413733 6413766 g7
05 1 6414244 6444097 g4
05 1 6444224 6454915 g7
05 1 6454927 6637427 g4
05 1 6637441 6653959 g7
05 1 6653974 6654601 g4
05 1 6654647 6798041 g7
05 1 6798047 6845918 g4
05 1 6845942 7966307 g7
05 1 7966477 7983582 g6
05 1 8004031 8004031 g7
05 1 8004071 8004071 g6
05 1 8004150 8116070 g7
05 1 8116136 9455663 g6
05 1 9457863 9525015 g7
05 1 9525286 9612385 g6
05 1 9690423 9826613 g7
05 1 9826767 10807026 g6
05 1 10807068 10808243 g7
05 1 10808270 10808919 g6
05 1 10808931 10808931 g7
05 1 10808979 10817896 g6
05 1 10819722 10820781 g7
05 1 10820886 10833858 g6
05 1 10833867 11033621 g7
05 1 11033696 11073239 g6
05 1 11073270 11115126 g7
05 1 11115141 12431590 g6
05 1 12431666 14626718 g7
05 1 14626899 14626899 g6
05 1 14626935 14627160 g7
05 1 14627406 15050316 g6
05 1 15050768 15066187 g7
05 1 15066202 15066202 g6
05 1 15066225 15300103 g7
05 1 15300271 15336284 g6
05 1 15336539 19375001 g7
05 1 19375004 27967474 g6
05 1 27967493 28098624 g7
05 1 28098680 33660289 g6
05 1 33660328 37376386 g7
05 1 37376392 38531694 g3
05 1 38531716 38628523 g7
05 1 38628559 38628559 g3
05 1 38628737 38628737 g7
05 1 38630633 38634509 g3
05 1 38634818 38644593 g7
05 1 38644604 38728325 g3
05 1 38728374 38731948 g7
05 1 38731982 38746132 g3
05 1 38746157 38746336 g7
05 1 38746386 38824494 g3
05 1 38824510 38824553 g7
05 1 38824944 38872111 g3
05 1 38872118 38872118 g7
05 1 38872190 38872190 g3
05 1 38872203 39720269 g7
05 1 39720273 39723842 g3
05 1 39723861 39723861 g7
05 1 39731051 39731051 g3
05 1 39731260 40427091 g7
05 1 40427172 40948180 g5
05 1 40948249 40948249 g7
05 1 40948267 40948336 g5
05 1 40948408 41853232 g7
06 0 1 801625 g4
06 0 801673 802637 g7
06 0 802652 1074218 g4
06 0 1074230 1074230 g7
06 0 1076480 1076480 g4
06 0 1076542 1076542 g7
06 0 1076570 1140702 g4
06 0 1140734 1141177 g7
06 0 1141233 1141233 g4
06 0 1141263 2200159 g7
06 0 2200262 2200605 g4
06 0 2200869 2211311 g7
06 0 2211332 37593364 g4
06 1 1 754074 g7
06 1 754088 755219 g5
06 1 755227 831330 g7
06 1 832425 2262007 g5
06 1 2264144 2265387 g7
06 1 2265444 2580143 g5
06 1 2580258 2580258 g7
06 1 2580407 2580407 g5
06 1 2582135 2582663 g7
06 1 2582702 2821727 g5
06 1 2821843 2822143 g7
06 1 2822275 2822284 g5
06 1 2822314 2822638 g7
06 1 2822662 3030421 g5
06 1 3030436 3047778 g7
06 1 3061727 3061727 g5
06 1 3061731 3097879 g7
06 1 3098044 3099073 g5
06 1 3099153 3099156 g7
06 1 3099165 3126793 g5
06 1 3126946 3127606 g7
06 1 3127609 4937307 g5
06 1 4937310 4937400 g7
06 1 4937421 5152013 g5
06 1 5152278 5253904 g7
06 1 5254042 5292586 g5
06 1 5292648 5295600 g7
06 1 5295658 5296765 g5
06 1 5299010 6748880 g7
06 1 6748902 6767581 g3
06 1 6769458 6789468 g7
06 1 6814015 6815878 g3
06 1 6818233 6818434 g7
06 1 6824151 6824203 g3
06 1 6824322 6824322 g7
06 1 6824336 6825044 g3
06 1 6827277 6827277 g7
06 1 6827325 10859367 g3
06 1 10859373 10859373 g7
06 1 10859451 10859485 g3
06 1 10859532 10859568 g7
06 1 10859625 10932944 g3
06 1 10932947 10933916 g7
06 1 10934102 10934583 g3
06 1 10934628 11124390 g7
06 1 11124656 11124959 g3
06 1 11128758 11131708 g7
06 1 11131751 11144519 g3
06 1 11145349 11165638 g7
06 1 11165671 11165715 g3
06 1 11166431 11430922 g7
06 1 11430925 12418580 g3
06 1 12418615 12765519 g7
06 1 12765569 13087273 g3
06 1 13087339 13090713 g7
06 1 13090719 13092292 g3
06 1 13092322 14852105 g7
06 1 14852132 14866014 g3
06 1 14866023 15172662 g7
06 1 15172686 35066735 g3
06 1 35066991 35066991 g7
06 1 35068926 35082429 g3
06 1 35083216 35733212 g7
06 1 35733256 36389071 g3
06 1 36389316 37593364 g7
07 0 1 11041900 g4
07 0 11041921 11204107 g7
07 0 11210235 23693956 g6
07 0 23693965 27178166 g7
07 0 27178172 27252647 g6
07 0 27252653 27410753 g7
07 0 27410789 28990992 g6
07 0 28991014 29187882 g7
07 0 29187954 29209464 g6
07 0 29209611 29209678 g7
07 0 29209684 29442301 g6
07 0 29442583 29442685 g7
07 0 29442709 30641582 g6
07 0 30645891 32482302 g7
07 0 32482378 33972814 g4
07 0 33972844 35028021 g7
07 1 1 4020582 g7
07 1 4020603 4020753 g3
07 1 4020781 4020817 g7
07 1 4021462 11558859 g3
07 1 11558871 11566396 g7
07 1 11566423 16519560 g3
07 1 16519571 18382198 g7
07 1 18382241 18382659 g3
07 1 18382713 20200823 g7
07 1 20200845 20719187 g3
07 1 20905126 20905395 g7
07 1 20916262 20921580 g3
07 1 20921783 21693973 g7
07 1 21693986 21734267 g3
07 1 21734327 21860585 g7
07 1 21932242 21942388 g3
07 1 21946123 21946123 g7
07 1 21950145 24808269 g3
07 1 24808380 24943612 g7
07 1 24944307 27253682 g3
07 1 27253693 27255372 g7
07 1 27255423 27255423 g3
07 1 27255465 27397352 g7
07 1 27397587 27408668 g3
07 1 27410753 27505468 g7
07 1 27505476 27651528 g3
07 1 27679862 27784891 g7
07 1 27784945 27809562 g3
07 1 27876288 27876349 g7
07 1 27876367 27876367 g3
07 1 27876417 27955193 g7
07 1 27955269 28081258 g3
07 1 28081415 29667979 g7
07 1 29668024 29668024 g5
07 1 29668073 29671774 g7
07 1 29671784 35028021 g5
08 0 1 44889171 g4
08 1 1 1063257 g7
08 1 1063278 1260650 g3
08 1 1267879 1282618 g7
08 1 1282639 1282651 g3
08 1 1282760 1390080 g7
08 1 1390084 9639964 g3
08 1 9639972 9643067 g7
08 1 9643114 9643331 g3
08 1 9643536 10837843 g7
08 1 10837890 10837958 g3
08 1 10837969 10842389 g7
08 1 10843575 35577848 g3
08 1 35580613 35580844 g7
08 1 35581399 35636776 g3
08 1 35636842 35746154 g7
08 1 35746172 41674399 g4
08 1 41674417 41712063 g7
08 1 41714674 41739414 g6
08 1 41739417 41816448 g7
08 1 41816576 41862675 g6
08 1 41862684 41930270 g7
08 1 41930295 41932060 g6
08 1 41932384 42277893 g7
08 1 42277977 44889171 g3
09 0 1 37971781 g4
09 0 37971786 37985913 g7
09 0 37986256 37990656 g5
09 0 38008205 38010409 g7
09 0 38011774 38011804 g5
09 0 38012093 38012098 g7
09 0 38012173 38780359 g5
09 0 38780368 38973849 g7
09 0 38974420 38974587 g3
09 0 38974637 38974752 g7
09 0 38974770 39009296 g3
09 0 39009331 39449050 g7
09 0 39449057 41306725 g4
09 1 1 2075162 g7
09 1 2075213 3927159 g4
09 1 3936482 3973613 g7
09 1 3973622 4010692 g4
09 1 4010704 4010704 g7
09 1 4010707 4017650 g4
09 1 4017671 4017889 g7
09 1 4017898 4017898 g3
09 1 4017919 4057825 g7
09 1 4057836 4057836 g3
09 1 4057844 4057864 g7
09 1 4057879 4128568 g3
09 1 4128608 4128608 g7
09 1 4128622 4129276 g3
09 1 4129710 4176640 g7
09 1 4176713 5143963 g3
09 1 5143980 5145227 g7
09 1 5145274 5188396 g3
09 1 5188443 5321152 g7
09 1 5321209 8156786 g3
09 1 8156819 8369628 g7
09 1 8371639 8404291 g6
09 1 8404296 8698137 g7
09 1 8698156 9798208 g4
09 1 9798246 11266399 g3
09 1 11266422 11266471 g7
09 1 11266654 12685317 g3
09 1 12685332 29576725 g7
09 1 29576794 29576831 g3
09 1 29734149 29873972 g7
09 1 29874255 34342215 g3
09 1 34342300 35508916 g7
09 1 35509105 35509105 g3
09 1 35509165 35593945 g7
09 1 35605777 35658451 g3
09 1 35658596 35736246 g7
09 1 35736363 35736385 g3
09 1 35736408 35737391 g7
09 1 35737498 35868582 g3
09 1 35868591 35868636 g7
09 1 35871443 36357794 g3
09 1 36357842 36357842 g4
09 1 36357878 36357878 g3
09 1 36357910 36358073 g4
09 1 36358114 36363331 g3
09 1 36363432 36462066 g4
09 1 36462081 36463928 g3
09 1 36464021 36464021 g4
09 1 36464043 36464048 g3
09 1 36464054 36553903 g4
09 1 36553945 36559085 g7
09 1 36559240 36637406 g4
09 1 36638366 36700001 g7
09 1 36700057 36703498 g4
09 1 36703926 36703926 g7
09 1 36704019 36961625 g4
09 1 36961629 37077174 g3
09 1 37138490 37138540 g7
09 1 37138544 37139110 g3
09 1 37141874 37197924 g7
09 1 37200199 37200554 g4
09 1 37201533 37244435 g7
09 1 37244487 37244647 g4
09 1 37245096 37247149 g7
09 1 37265806 37301174 g3
09 1 37301296 37971608 g7
09 1 37971640 38120215 g3
09 1 38120532 38700756 g7
09 1 38700788 39642897 g4
09 1 39642949 39915891 g7
09 1 39916136 40071818 g3
09 1 40071827 40118101 g7
09 1 40118349 41306725 g3
10 0 1 12564778 g4
10 0 12564908 14226322 g7
10 0 14226397 14321794 g6
10 0 14321812 14655751 g7
10 0 14655798 15455722 g6
10 0 15455776 15469721 g7
10 0 15469730 22866215 g6
10 0 22866245 22866245 g7
10 0 22870962 33064048 g4
10 0 33064062 33064168 g7
10 0 33064173 33064173 g4
10 0 33064196 33064196 g7
10 0 33064208 33064214 g4
10 0 33064298 33064326 g7
10 0 33064769 33083498 g4
10 0 33083771 34611322 g7
10 0 34611383 37674811 g4
10 1 1 21837171 g4
10 1 21837188 21837391 g7
10 1 21837411 21837526 g4
10 1 21837568 21837568 g7
10 1 21837577 21878404 g4
10 1 21878467 22866072 g7
10 1 22866127 23034758 g3
10 1 23034859 23034859 g7
10 1 23034890 23034932 g3
10 1 23035130 23037096 g7
10 1 23037105 23063680 g3
10 1 23063687 23066294 g7
10 1 23066393 23102114 g3
10 1 23102147 23274480 g7
10 1 23274848 23275072 g3
10 1 23275107 23275512 g7
10 1 23275539 23276068 g3
10 1 23276086 26582573 g7
10 1 26582582 26582594 g5
10 1 26582624 26588162 g7
10 1 26590399 26603877 g5
10 1 26603887 26604168 g7
10 1 26605134 29263026 g5
10 1 29263799 29263814 g7
10 1 29263833 29263996 g5
10 1 29264022 29264022 g7
10 1 29264076 29264076 g5
10 1 29264374 29264404 g7
10 1 29264413 29266554 g5
10 1 29266699 29280828 g7
10 1 29281962 29284922 g5
10 1 29286851 29286851 g7
10 1 29286887 29286897 g5
10 1 29288397 29354398 g7
10 1 29354413 29589602 g5
10 1 29589711 29611602 g7
10 1 29611643 29651402 g5
10 1 29651526 29651570 g7
10 1 29651670 29678501 g5
10 1 29678512 29692574 g7
10 1 29692638 29693293 g5
10 1 29693347 29708497 g7
10 1 29708567 29708966 g5
10 1 29709050 29709050 g7
10 1 29709071 29710457 g5
10 1 29713404 29713423 g7
10 1 29713579 29714661 g5
10 1 29714676 35183249 g7
10 1 35183256 35427539 g6
10 1 35427745 35428261 g7
10 1 35428394 35462245 g6
10 1 35467982 35467982 g7
10 1 35468184 35470276 g6
10 1 35473034 35618828 g7
10 1 35618834 35651843 g4
10 1 35651858 35652080 g7
10 1 35652110 37674811 g4
11 0 1 23368999 g4
11 0 23369783 23373225 g7
11 0 23373306 23373306 g4
11 0 23377132 23377132 g7
11 0 23377201 23377201 g4
11 0 23377270 23900071 g7
11 0 23900086 23915470 g6
11 0 23915473 23968593 g7
11 0 23968656 23989011 g6
11 0 23989085 23991037 g7
11 0 23991069 24005522 g6
11 0 24005591 24389108 g7
11 0 24389177 26753500 g4
11 0 26753551 27954350 g7
11 1 1 1264690 g7
11 1 1264706 1291965 g5
11 1 1291971 1291971 g7
11 1 1292563 1330976 g5
11 1 1331027 1337344 g7
11 1 1337362 1341914 g5
11 1 1341947 1500674 g7
11 1 1501036 1525820 g5
11 1 1525871 1526102 g7
11 1 1526169 1526280 g5
11 1 1526307 1562143 g7
11 1 1577046 1617852 g5
11 1 1636959 2928403 g7
11 1 2929406 2930693 g3
11 1 2930922 2930959 g7
11 1 2931154 4971381 g3
11 1 4971405 4994090 g7
11 1 4994098 4994107 g3
11 1 4994157 5050649 g7
11 1 5050655 5050655 g3
11 1 5057457 5057457 g7
11 1 5057579 5095084 g3
11 1 5140818 5154335 g7
11 1 5154362 5154461 g3
11 1 5154945 5376956 g7
11 1 5376994 5425573 g3
11 1 5425603 5958066 g7
11 1 5958138 5958223 g3
11 1 5958590 6058850 g7
11 1 6058891 6560633 g3
11 1 6560639 9259110 g7
11 1 9259188 18139289 g3
11 1 18139300 18139300 g7
11 1 18139610 18139929 g3
11 1 18139963 18879633 g7
11 1 18879974 21243864 g3
11 1 21243957 21245439 g7
11 1 21245442 21247599 g3
11 1 21247686 21503552 g7
11 1 21503658 22900338 g3
11 1 22900368 23215829 g7
11 1 23215838 24387056 g6
11 1 24387066 24399025 g7
11 1 24399151 24399151 g6
11 1 24399162 25283548 g7
11 1 25283580 25283893 g4
11 1 25284150 27954350 g7