01 0 1 29070452 #00b009
01 1 1 3749279 #00b009
01 1 3749300 3749300 #b4b4b4
01 1 3750823 3750823 #00b009
01 1 3750872 3897065 #b4b4b4
01 1 3897078 4676908 #c00000
01 1 4683536 4685541 #b4b4b4
01 1 4690787 4692371 #c00000
01 1 4692377 4694929 #b4b4b4
01 1 4694951 4695399 #c00000
01 1 4695525 5141074 #b4b4b4
01 1 5141212 5532893 #c00000
01 1 5532953 5545111 #b4b4b4
01 1 5546390 5573055 #c00000
01 1 5573109 5573151 #b4b4b4
01 1 5573160 6869459 #c00000
01 1 6869614 7174038 #b4b4b4
01 1 7175181 7239061 #c00000
01 1 7239286 7242694 #b4b4b4
01 1 7242720 7424643 #c00000
01 1 7424647 7424715 #b4b4b4
01 1 7424745 7425025 #c00000
01 1 7425046 7429946 #b4b4b4
01 1 7429957 7544761 #c00000
01 1 7544764 7558192 #b4b4b4
01 1 7558943 8961746 #c00000
01 1 8961755 8975434 #b4b4b4
01 1 8975485 14496831 #c00000
01 1 14496853 14496945 #b4b4b4
01 1 14496973 14531222 #c00000
01 1 14531266 14531281 #b4b4b4
01 1 14534030 14676222 #c00000
01 1 14676291 14727121 #b4b4b4
01 1 14727173 14772274 #c00000
01 1 14772289 14772541 #b4b4b4
01 1 14772551 14775260 #c00000
01 1 14777447 15307686 #b4b4b4
01 1 15307740 15308417 #c00000
01 1 15308441 15309566 #b4b4b4
01 1 15309609 15328487 #c00000
01 1 15328657 15328657 #b4b4b4
01 1 15328792 29070452 #c00000
02 0 1 29511734 #00b009
02 1 1 14765172 #c00000
02 1 15012660 15065333 #b4b4b4
02 1 15065391 15066278 #c00000
02 1 15066296 15138173 #b4b4b4
02 1 15138233 15143235 #c00000
02 1 15143317 15406155 #b4b4b4
02 1 15406345 15414108 #c00000
02 1 15414123 15414186 #b4b4b4
02 1 15414270 15439071 #c00000
02 1 15441119 15723329 #b4b4b4
02 1 15723376 15723509 #c00000
02 1 15723605 15836063 #b4b4b4
02 1 15836066 15841026 #c00000
02 1 15841029 15860751 #b4b4b4
02 1 15860778 18054522 #c00000
02 1 18054624 18054739 #b4b4b4
02 1 18054748 18137542 #c00000
02 1 18137710 18139580 #b4b4b4
02 1 18139610 18139610 #c00000
02 1 18140753 18146563 #b4b4b4
02 1 18146578 19687827 #c00000
02 1 19687847 19689849 #b4b4b4
02 1 19689910 19697679 #c00000
02 1 19697714 19697714 #b4b4b4
02 1 19697807 19697853 #c00000
02 1 19698038 19698038 #b4b4b4
02 1 19698155 22172822 #c00000
02 1 22206319 22225731 #b4b4b4
02 1 22225809 22255563 #c00000
02 1 22255581 22402077 #b4b4b4
02 1 22404900 23460870 #c00000
02 1 23460976 23464228 #b4b4b4
02 1 23464258 23464258 #c00000
02 1 23464276 23464486 #b4b4b4
02 1 23464493 23509918 #c00000
02 1 23511663 24505209 #b4b4b4
02 1 24505236 24505355 #c00000
02 1 24505374 24505374 #b4b4b4
02 1 24505497 24505782 #c00000
02 1 24505802 24615020 #b4b4b4
02 1 24615034 25908366 #c00000
02 1 25908438 26214958 #b4b4b4
02 1 26215007 26215783 #c00000
02 1 26215892 26215892 #b4b4b4
02 1 26215925 26311014 #c00000
02 1 26311164 26311176 #b4b4b4
02 1 26311654 26390335 #c00000
02 1 26390364 26390364 #b4b4b4
02 1 26390412 26390563 #c00000
02 1 26390616 26484469 #b4b4b4
02 1 26486590 26486679 #c00000
02 1 26489117 26725865 #b4b4b4
02 1 26726134 26726134 #c00000
02 1 26726498 26755220 #b4b4b4
02 1 26755285 27174845 #c00000
02 1 27174872 27220106 #b4b4b4
02 1 27222015 27288257 #c00000
02 1 27288299 27288515 #b4b4b4
02 1 27288528 27290505 #c00000
02 1 27290514 27988649 #b4b4b4
02 1 27988669 28009161 #c00000
02 1 28009171 28014408 #b4b4b4
02 1 28014420 28014420 #c00000
02 1 28031551 28196310 #b4b4b4
02 1 28196333 29511734 #c00000
03 0 1 7007831 #00b009
03 0 7010285 7995397 #b4b4b4
03 0 7995507 35020413 #00b009
03 1 1 2596111 #c00000
03 1 2603128 2658045 #b4b4b4
03 1 2658054 6652891 #c00000
03 1 6655789 6659083 #b4b4b4
03 1 6659089 6976101 #c00000
03 1 6976143 7229590 #b4b4b4
03 1 7229681 7229768 #c00000
03 1 7269039 7270984 #b4b4b4
03 1 7275696 7275736 #c00000
03 1 7275763 7282226 #b4b4b4
03 1 7282417 7354370 #c00000
03 1 7354376 7354581 #b4b4b4
03 1 7357154 7911025 #c00000
03 1 7911046 8063451 #b4b4b4
03 1 8063462 8063472 #c00000
03 1 8063478 8073987 #b4b4b4
03 1 8074044 8074107 #c00000
03 1 8074110 8078115 #b4b4b4
03 1 8078128 8889667 #c00000
03 1 8890165 9038314 #b4b4b4
03 1 9038318 24430404 #c00000
03 1 24430417 24664543 #b4b4b4
03 1 24664573 24763324 #c00000
03 1 24763390 24812154 #b4b4b4
03 1 24812178 24812178 #c00000
03 1 24812182 25485077 #b4b4b4
03 1 25485087 25634113 #c00000
03 1 25634220 27751526 #b4b4b4
03 1 27751550 27827554 #c00000
03 1 27827581 27827632 #b4b4b4
03 1 27839116 28143692 #c00000
03 1 28143859 28146164 #b4b4b4
03 1 28146168 28165365 #c00000
03 1 28165762 28199206 #b4b4b4
03 1 28199309 29243790 #c00000
03 1 29243802 29307954 #b4b4b4
03 1 29307967 29337325 #c00000
03 1 29337338 29431091 #b4b4b4
03 1 29434236 29434623 #c00000
03 1 29434663 29434663 #b4b4b4
03 1 29434706 29535893 #c00000
03 1 29536067 29540122 #b4b4b4
03 1 29540252 29574406 #c00000
03 1 29575682 29581430 #b4b4b4
03 1 29581678 29581978 #c00000
03 1 29582468 29981558 #b4b4b4
03 1 29981573 30239319 #c00000
03 1 30239611 30538015 #b4b4b4
03 1 30538025 30538075 #00b009
03 1 30538099 30538099 #b4b4b4
03 1 30538253 30577827 #00b009
03 1 30577846 30578010 #b4b4b4
03 1 30578046 30580821 #00b009
03 1 30580826 30584257 #b4b4b4
03 1 30584500 35020413 #00b009
04 0 1 37105743 #00b009
04 1 1 752172 #b4b4b4
04 1 761782 2164287 #1440cd
04 1 2172551 2172654 #b4b4b4
04 1 2172658 3634357 #1440cd
04 1 3634365 3634365 #b4b4b4
04 1 3645425 3645425 #1440cd
04 1 3645623 4415016 #b4b4b4
04 1 4416439 10537938 #00b009
04 1 10538520 17584851 #b4b4b4
04 1 17584863 18457517 #00b009
04 1 18457532 18457532 #b4b4b4
04 1 18457550 19947816 #00b009
04 1 19947860 19952189 #b4b4b4
04 1 19954116 19954116 #00b009
04 1 19954127 20001543 #b4b4b4
04 1 20001556 20001556 #00b009
04 1 20001647 20006537 #b4b4b4
04 1 20006548 20320636 #00b009
04 1 20320659 20321094 #b4b4b4
04 1 20492558 20492558 #00b009
04 1 20492612 20492771 #b4b4b4
04 1 20492810 20878935 #00b009
04 1 20879003 20879042 #b4b4b4
04 1 20879045 20879045 #00b009
04 1 20879069 20879188 #b4b4b4
04 1 20879195 20879258 #00b009
04 1 20879462 20879469 #b4b4b4
04 1 20879486 30285102 #00b009
04 1 30285109 30285234 #c00000
04 1 30285320 30285631 #00b009
04 1 30285637 30321586 #c00000
04 1 30321768 30321768 #00b009
04 1 30321781 31234552 #c00000
04 1 31234564 31234588 #00b009
04 1 31234625 31251899 #c00000
04 1 31251998 31254479 #00b009
04 1 31254509 31254509 #c00000
04 1 31254591 32134871 #00b009
04 1 32134961 32235191 #b4b4b4
04 1 32235209 32623356 #00b009
04 1 32623392 32623448 #b4b4b4
04 1 32626045 32626569 #00b009
04 1 32626716 32975903 #b4b4b4
04 1 32976290 32991891 #00b009
04 1 32991896 33031152 #b4b4b4
04 1 33031176 33031338 #00b009
04 1 33031362 33034380 #b4b4b4
04 1 33034388 33034401 #00b009
04 1 33034461 33034482 #b4b4b4
04 1 33034629 35502654 #00b009
04 1 35502673 35528126 #b4b4b4
04 1 35528131 35531250 #00b009
04 1 35532476 35532476 #b4b4b4
04 1 35532665 35532665 #00b009
04 1 35535132 35535132 #b4b4b4
04 1 35535135 35536116 #00b009
04 1 35536131 37105743 #b4b4b4
05 0 1 41853232 #00b009
05 1 1 8006882 #00b009
05 1 8006906 8633028 #b4b4b4
05 1 8633034 8633074 #c00000
05 1 8633097 8633163 #b4b4b4
05 1 8633283 8802151 #c00000
05 1 8802164 10073345 #b4b4b4
05 1 10073369 32798941 #00b009
05 1 32798953 32806893 #b4b4b4
05 1 32806941 32808177 #00b009
05 1 32808213 32808456 #b4b4b4
05 1 32808465 32812197 #00b009
05 1 32812326 32823170 #b4b4b4
05 1 32823203 32823203 #c00000
05 1 32824881 32827748 #b4b4b4
05 1 32827794 33660289 #c00000
05 1 33660328 35239049 #b4b4b4
05 1 35241678 39867268 #00b009
05 1 39867280 40576969 #b4b4b4
05 1 40577032 40579174 #00b009
05 1 40579270 40579949 #b4b4b4
05 1 40579968 41853232 #00b009
06 0 1 2681087 #c00000
06 0 2681106 2707931 #b4b4b4
06 0 2708100 2708872 #c00000
06 0 2708937 2709036 #b4b4b4
06 0 2709227 5582595 #c00000
06 0 5582598 5625098 #b4b4b4
06 0 5627266 7388706 #00b009
06 0 7388726 7391364 #b4b4b4
06 0 7391377 7391724 #00b009
06 0 7391762 7703232 #b4b4b4
06 0 7703274 7763798 #00b009
06 0 7763826 7763826 #b4b4b4
06 0 7764250 21050213 #00b009
06 0 21050264 21454691 #b4b4b4
06 0 21454853 29536978 #00b009
06 0 29537077 29539096 #b4b4b4
06 0 29578281 29578373 #00b009
06 0 29578396 29579391 #b4b4b4
06 0 29579560 30138677 #c00000
06 0 30138749 31028248 #b4b4b4
06 0 31028252 31037834 #00b009
06 0 31037851 31042826 #b4b4b4
06 0 31042840 34407841 #00b009
06 0 34407888 34631680 #b4b4b4
06 0 34631857 34631998 #00b009
06 0 34632389 34632518 #b4b4b4
06 0 34632527 34632632 #00b009
06 0 34632701 34632747 #b4b4b4
06 0 34632852 37593364 #00b009
06 1 1 1317414 #b4b4b4
06 1 1317447 1441217 #00b009
06 1 1441476 1462925 #b4b4b4
06 1 1462961 1462961 #00b009
06 1 1463068 1463551 #b4b4b4
06 1 1463561 1463561 #00b009
06 1 1463602 1466075 #b4b4b4
06 1 1466137 37593364 #00b009
07 0 1 10878915 #00b009
07 0 10879017 10879740 #b4b4b4
07 0 10879763 10879960 #00b009
07 0 10879969 11323180 #b4b4b4
07 0 11323207 13302449 #c00000
07 0 13302639 14693925 #b4b4b4
07 0 14694039 15151691 #c00000
07 0 15151703 15549300 #b4b4b4
07 0 15551629 15551644 #c00000
07 0 15551695 15564593 #b4b4b4
07 0 15564723 15979849 #c00000
07 0 15980046 21736221 #b4b4b4
07 0 21736375 21736423 #c00000
07 0 21736726 27783486 #b4b4b4
07 0 27783498 27783590 #c00000
07 0 27783606 27784945 #b4b4b4
07 0 27784963 27877929 #c00000
07 0 27877941 28868616 #b4b4b4
07 0 28868633 35028021 #00b009
07 1 1 1209002 #c00000
07 1 1209009 1209058 #b4b4b4
07 1 1209219 1209802 #c00000
07 1 1209806 1210933 #b4b4b4
07 1 1210951 1989972 #c00000
07 1 1990096 2207467 #b4b4b4
07 1 2207710 4070611 #00b009
07 1 4070634 4185459 #b4b4b4
07 1 4185489 4185489 #00b009
07 1 4186736 4186739 #b4b4b4
07 1 4186771 4892458 #00b009
07 1 4892470 4958783 #b4b4b4
07 1 4958790 5043118 #00b009
07 1 5043160 5043160 #b4b4b4
07 1 5043169 5111740 #00b009
07 1 5111788 5111902 #b4b4b4
07 1 5111927 5111927 #00b009
07 1 5111989 5149403 #b4b4b4
07 1 5149421 5177800 #00b009
07 1 5206773 5398039 #b4b4b4
07 1 5399986 5464289 #00b009
07 1 5464294 5925151 #b4b4b4
07 1 5925156 5963533 #c00000
07 1 5963607 5963607 #b4b4b4
07 1 5963624 6052423 #c00000
07 1 6055505 6106836 #b4b4b4
07 1 6107078 6107341 #c00000
07 1 6107357 6241350 #b4b4b4
07 1 6241460 8151924 #00b009
07 1 8151933 8286425 #b4b4b4
07 1 8286431 8536652 #c00000
07 1 8536757 9620468 #b4b4b4
07 1 9620503 9620548 #c00000
07 1 9622841 9751251 #b4b4b4
07 1 9751325 9766204 #c00000
07 1 9766217 9769894 #b4b4b4
07 1 9769920 30276933 #c00000
07 1 30277276 30287811 #b4b4b4
07 1 30287838 32753613 #00b009
07 1 32753635 32753635 #b4b4b4
07 1 32753723 32753780 #00b009
07 1 32753792 33321202 #b4b4b4
07 1 33323397 33323884 #00b009
07 1 33323911 33323935 #b4b4b4
07 1 33323950 33336927 #00b009
07 1 33338745 33356200 #b4b4b4
07 1 33356206 33357932 #00b009
07 1 33358106 33365001 #b4b4b4
07 1 33365007 34360211 #00b009
07 1 34360225 35028021 #b4b4b4
08 0 1 18955696 #00b009
08 0 18955720 21210203 #b4b4b4
08 0 21210212 21631340 #9a029a
08 0 21631376 21809882 #b4b4b4
08 0 21810041 32634792 #9a029a
08 0 32634822 32635856 #b4b4b4
08 0 32635928 32635928 #9a029a
08 0 32636086 32650107 #b4b4b4
08 0 32650241 32652064 #9a029a
08 0 32652124 32718050 #b4b4b4
08 0 32718118 32718163 #9a029a
08 0 32718491 32718558 #b4b4b4
08 0 32718578 32718805 #9a029a
08 0 32718834 32719218 #b4b4b4
08 0 32719225 32841765 #9a029a
08 0 32850886 32914746 #b4b4b4
08 0 32914767 32918781 #9a029a
08 0 32918795 32989287 #b4b4b4
08 0 33030834 33046014 #9a029a
08 0 33046029 33049273 #b4b4b4
08 0 33049397 33050629 #9a029a
08 0 33050632 33050989 #b4b4b4
08 0 33051046 33171994 #9a029a
08 0 33172350 33172350 #b4b4b4
08 0 33174488 33944347 #9a029a
08 0 33944351 33944410 #b4b4b4
08 0 33944442 33944791 #9a029a
08 0 33944952 34525416 #b4b4b4
08 0 34525497 34627083 #00b009
08 0 34627098 34892118 #b4b4b4
08 0 34906058 34941179 #00b009
08 0 34941298 34942059 #b4b4b4
08 0 34942133 44889171 #00b009
08 1 1 5357679 #00b009
08 1 5383778 5866556 #b4b4b4
08 1 5866625 10521174 #c00000
08 1 10521278 10538598 #b4b4b4
08 1 10538606 10543977 #c00000
08 1 10544333 11130399 #b4b4b4
08 1 11130460 11182051 #c00000
08 1 11185365 11185365 #b4b4b4
08 1 11207285 11207882 #c00000
08 1 11207902 11230071 #b4b4b4
08 1 11230090 11231009 #c00000
08 1 11231018 11231048 #b4b4b4
08 1 11244280 11249060 #c00000
08 1 11249068 11309771 #b4b4b4
08 1 11309827 11338712 #c00000
08 1 11339033 11379825 #b4b4b4
08 1 11848053 17483196 #c00000
08 1 17764099 23342707 #b4b4b4
08 1 23343130 23349849 #c00000
08 1 23349906 23811993 #b4b4b4
08 1 23812000 24094790 #c00000
08 1 24094844 27728345 #b4b4b4
08 1 27759396 29434861 #c00000
08 1 29435656 31814309 #b4b4b4
08 1 31814361 35897325 #c00000
08 1 35897663 44889171 #00b009
09 0 1 8114445 #00b009
09 0 8115679 8698246 #b4b4b4
09 0 8698261 37978071 #00b009
09 0 37978095 41306725 #c00000
09 1 1 1549821 #b4b4b4
09 1 1549844 2160949 #c00000
09 1 2160952 2161461 #b4b4b4
09 1 2161464 2163287 #c00000
09 1 2163304 2163432 #00b009
09 1 2163463 2163541 #c00000
09 1 2163576 2164330 #00b009
09 1 2164416 2166333 #c00000
09 1 2166351 7542482 #00b009
09 1 7542493 8369628 #b4b4b4
09 1 8371639 8404291 #c00000
09 1 8404296 8938113 #b4b4b4
09 1 8938132 37543619 #00b009
09 1 37543676 37931599 #b4b4b4
09 1 37931674 38780200 #9a029a
09 1 38780206 38780359 #b4b4b4
09 1 38780368 40073298 #00b009
09 1 40073318 40384691 #b4b4b4
09 1 40384811 40387395 #c00000
09 1 40430217 40455518 #b4b4b4
09 1 40455578 40481521 #c00000
09 1 40486702 40486744 #b4b4b4
09 1 40486856 40486897 #c00000
09 1 40487059 40487373 #b4b4b4
09 1 40487446 40560045 #c00000
09 1 40560054 40560054 #00b009
09 1 40561845 40563141 #c00000
09 1 40563190 41306725 #00b009
10 0 1 25066298 #00b009
10 0 25105228 25143738 #b4b4b4
10 0 25213387 25273228 #c00000
10 0 25301992 25643329 #b4b4b4
10 0 25643362 37674811 #00b009
10 1 1 4338955 #00b009
10 1 4340709 4340774 #b4b4b4
10 1 4340807 4493563 #00b009
10 1 4493767 4494145 #c00000
10 1 4494151 4494151 #00b009
10 1 4494190 5308121 #c00000
10 1 5310373 5449073 #b4b4b4
10 1 5449194 5544343 #c00000
10 1 5544361 5552128 #b4b4b4
10 1 5552928 5552928 #c00000
10 1 5553249 5693572 #b4b4b4
10 1 5693587 7443188 #c00000
10 1 7443192 8917574 #b4b4b4
10 1 8917586 12563585 #c00000
10 1 12563829 13148772 #b4b4b4
10 1 13148775 24241779 #c00000
10 1 24241900 24379142 #b4b4b4
10 1 24379203 24401285 #c00000
10 1 24401519 24425082 #b4b4b4
10 1 24425170 24425184 #c00000
10 1 24425204 24437975 #b4b4b4
10 1 24438143 24438832 #c00000
10 1 24438848 24445749 #b4b4b4
10 1 24445763 24446138 #c00000
10 1 24447305 24493705 #b4b4b4
10 1 24493871 24620031 #c00000
10 1 24623802 24636327 #b4b4b4
10 1 24637867 24638020 #c00000
10 1 24638028 24639530 #b4b4b4
10 1 24639547 24641066 #c00000
10 1 24641081 24642536 #b4b4b4
10 1 24642813 26220673 #c00000
10 1 26220718 26221250 #b4b4b4
10 1 26221363 26232013 #c00000
10 1 26232018 26232332 #b4b4b4
10 1 26232479 26416821 #00b009
10 1 26417720 26418435 #c00000
10 1 26419515 26603877 #00b009
10 1 26603887 26643868 #b4b4b4
10 1 26643898 26663555 #00b009
10 1 26663570 26663669 #b4b4b4
10 1 26663741 26664155 #00b009
10 1 26664158 26698222 #b4b4b4
10 1 26698234 26723324 #c00000
10 1 26724041 26752329 #b4b4b4
10 1 26753377 26767583 #c00000
10 1 26767600 26767754 #b4b4b4
10 1 26767784 26785754 #c00000
10 1 26785802 26981267 #b4b4b4
10 1 26981272 26983381 #c00000
10 1 27003849 27012234 #b4b4b4
10 1 27012241 28601374 #c00000
10 1 28601416 28618689 #b4b4b4
10 1 28618702 28618788 #c00000
10 1 28618933 28618933 #b4b4b4
10 1 28618997 28654844 #c00000
10 1 28654850 28654896 #b4b4b4
10 1 28654956 28654956 #c00000
10 1 28654961 28672694 #b4b4b4
10 1 28672706 28794978 #c00000
10 1 28794983 28795938 #b4b4b4
10 1 28796073 32221629 #00b009
10 1 32242242 34908935 #b4b4b4
10 1 34909448 34911491 #00b009
10 1 34911593 34947065 #b4b4b4
10 1 34947140 34947140 #00b009
10 1 34947514 34947514 #b4b4b4
10 1 34947523 34957968 #00b009
10 1 34958828 34959933 #b4b4b4
10 1 34959941 37674811 #00b009
11 0 1 23377390 #00b009
11 0 23377397 23377397 #b4b4b4
11 0 23377427 23451559 #00b009
11 0 23451728 23595695 #b4b4b4
11 0 23595699 24387056 #c00000
11 0 24387066 24399025 #b4b4b4
11 0 24399151 24399151 #c00000
11 0 24399162 24777493 #b4b4b4
11 0 24777500 24785861 #00b009
11 0 24785874 24786302 #b4b4b4
11 0 24787614 25298376 #00b009
11 0 25298403 25298403 #b4b4b4
11 0 25298437 25304440 #00b009
11 0 25306824 26137320 #b4b4b4
11 0 26221731 27954350 #c00000
11 1 1 25609546 #00b009
11 1 25644025 27954350 #b4b4b4
