01 0 1 28800000 M
01 1 1 28800000 P
02 0 1 7700000 M
02 0 7700001 29100000 P
02 0 29200001 32300000 P
02 0 32500001 35200000 P
02 0 35400001 36200000 P
02 1 1 29100000 P
02 1 29200001 32300000 P
02 1 32500001 35200000 P
02 1 35400001 36200000 P
03 0 1 3300000 M
03 0 8000001 12800000 P
03 0 14100001 20900000 P
03 0 23500001 29400000 M
03 0 30000001 31400000 P
03 0 34700001 51000000 M
03 1 1 3300000 P
03 1 8000001 12800000 P
03 1 14100001 20900000 P
03 1 23500001 29400000 P
03 1 30000001 31400000 P
03 1 34700001 51000000 P
04 0 1 3900000 M
04 0 5600001 15100000 M
04 0 16400001 21500000 P
04 0 21700001 25500000 M
04 1 1 3900000 P
04 1 5600001 15100000 P
04 1 16400001 21500000 P
04 1 21700001 25500000 P
05 0 1 2200000 M
05 0 3100001 3600000 M
05 0 6500001 34900000 M
05 0 35200001 36200000 P
05 0 36500001 38500000 P
05 0 39300001 42200000 P
05 0 42200001 43100000 M
05 1 1 2200000 P
05 1 3100001 3600000 P
05 1 6500001 34900000 P
05 1 35200001 36200000 P
05 1 36500001 38500000 P
05 1 39300001 43100000 P
06 0 1 18500000 M
06 1 1 18500000 P
07 0 1 20500000 M
07 1 1 20500000 P
08 0 1 24400000 M
08 0 24400001 24700000 P
08 1 1 24700000 P
09 0 1 5000000 M
09 0 10400001 14700000 M
09 0 27600001 31000000 M
09 1 1 5000000 P
09 1 10400001 14700000 P
09 1 27600001 31000000 P
